1	0	5479
2	0	5232
3	0	4368
4	0	2281
5	0	5577
6	0	2282
7	0	2237
8	0	2267
9	0	5276
10	0	2312
11	0	2221
12	0	2244
13	0	2275
14	0	2410
15	0	2221
16	0	2214
17	0	13563
18	0	2244
19	0	2214
20	0	2207
21	0	2206
22	0	2207
23	0	2206
24	0	2207
25	0	2229
26	0	2207
27	0	2207
28	0	2206
29	0	2214
30	0	2207
31	0	2214
32	0	2207
33	0	14148
34	0	2214
35	0	2304
36	0	2207
37	0	2206
38	0	2199
39	0	2207
40	0	2200
41	0	2206
42	0	2207
43	0	2206
44	0	2192
45	0	2222
46	0	2214
47	0	2215
48	0	2214
49	0	2222
50	0	2214
51	0	2215
52	0	2214
53	0	2222
54	0	2214
55	0	2221
56	0	2222
57	0	2222
58	0	2214
59	0	2222
60	0	2222
61	0	2215
62	0	2222
63	0	2214
64	0	2222
65	0	22901
66	0	2236
67	0	2259
68	0	2206
69	0	2207
70	0	2207
71	0	2214
72	0	2207
73	0	2207
74	0	2206
75	0	2207
76	0	2199
77	0	2215
78	0	2206
79	0	2206
80	0	2199
81	0	2207
82	0	2199
83	0	2207
84	0	2207
85	0	2207
86	0	2207
87	0	2207
88	0	2207
89	0	2206
90	0	2199
91	0	2207
92	0	2200
93	0	2215
94	0	2365
95	0	2304
96	0	2424
97	0	2342
98	0	2274
99	0	2282
100	0	2282
101	0	2282
102	0	2282
103	0	2275
104	0	2282
105	0	2282
106	0	2282
107	0	2289
108	0	2282
109	0	2274
110	0	2274
111	0	2282
112	0	2274
113	0	2275
114	0	2275
115	0	2282
116	0	2380
117	0	2364
118	0	2342
119	0	2342
120	0	2341
121	0	2342
122	0	2342
123	0	2349
124	0	2341
125	0	2350
126	0	2342
127	0	2342
128	0	2432
129	0	34279
130	0	2319
131	0	2320
132	0	2319
133	0	2320
134	0	2312
135	0	2320
136	0	2319
137	0	2320
138	0	2319
139	0	2312
140	0	2417
141	0	2319
142	0	2312
143	0	2320
144	0	2319
145	0	2312
146	0	2417
147	0	2319
148	0	2319
149	0	2319
150	0	2311
151	0	2312
152	0	2357
153	0	2320
154	0	2327
155	0	9750
156	0	2289
157	0	2312
158	0	2312
159	0	2319
160	0	2312
161	0	2320
162	0	2319
163	0	2319
164	0	2312
165	0	2319
166	0	2312
167	0	2320
168	0	2312
169	0	2312
170	0	2319
171	0	2312
172	0	2312
173	0	2319
174	0	2319
175	0	2319
176	0	2320
177	0	2312
178	0	2312
179	0	2312
180	0	2312
181	0	2319
182	0	2312
183	0	2282
184	0	2252
185	0	2304
186	0	2304
187	0	2304
188	0	2304
189	0	2311
190	0	2304
191	0	2304
192	0	2462
193	0	2327
194	0	2319
195	0	2319
196	0	2312
197	0	4421
198	0	3520
199	0	3258
200	0	3197
201	0	2852
202	0	2620
203	0	7491
204	0	840
205	0	740
206	0	735
207	0	664
208	0	965
209	0	814
210	0	743
211	0	687
212	0	829
213	0	736
214	0	724
215	0	661
216	0	931
217	0	830
218	0	765
219	0	671
220	0	807
221	0	732
222	0	739
223	0	683
224	0	825
225	0	732
226	0	740
227	0	668
228	0	806
229	0	735
230	0	735
231	0	650
232	0	822
233	0	740
234	0	735
235	0	668
236	0	815
237	0	736
238	0	732
239	0	664
240	0	814
241	0	736
242	0	735
243	0	664
244	0	814
245	0	732
246	0	751
247	0	661
248	0	815
249	0	664
250	0	735
251	0	668
252	0	736
253	0	668
254	0	732
255	0	660
256	0	747
257	0	19200
258	0	762
259	0	686
260	0	735
261	0	2889
262	0	747
263	0	668
264	0	743
265	0	661
266	0	747
267	0	657
268	0	747
269	0	657
270	0	751
271	0	668
272	0	743
273	0	661
274	0	743
275	0	653
276	0	751
277	0	687
278	0	740
279	0	661
280	0	740
281	0	668
282	0	743
283	0	660
284	0	747
285	0	664
286	0	743
287	0	660
288	0	747
289	0	668
290	0	743
291	0	657
292	0	739
293	0	664
294	0	739
295	0	657
296	0	747
297	0	664
298	0	739
299	0	656
300	0	750
301	0	657
302	0	739
303	0	664
304	0	747
305	0	657
306	0	743
307	0	668
308	0	739
309	0	657
310	0	743
311	0	660
312	0	743
313	0	660
314	0	754
315	0	660
316	0	765
317	0	656
318	0	750
319	0	660
320	0	739
321	0	3096
322	0	754
323	0	657
324	0	770
325	0	664
326	0	751
327	0	657
328	0	743
329	0	668
330	0	739
331	0	657
332	0	740
333	0	664
334	0	743
335	0	657
336	0	747
337	0	668
338	0	739
339	0	735
340	0	785
341	0	664
342	0	735
343	0	668
344	0	724
345	0	660
346	0	732
347	0	649
348	0	731
349	0	661
350	0	732
351	0	649
352	0	728
353	0	649
354	0	732
355	0	661
356	0	720
357	0	660
358	0	724
359	0	661
360	0	732
361	0	649
362	0	731
363	0	656
364	0	732
365	0	661
366	0	721
367	0	665
368	0	732
369	0	660
370	0	739
371	0	653
372	0	724
373	0	653
374	0	732
375	0	657
376	0	732
377	0	657
378	0	732
379	0	649
380	0	826
381	0	3535
382	0	743
383	0	649
384	0	747
385	0	664
386	0	747
387	0	653
388	0	856
389	0	665
390	0	1096
391	0	1021
392	0	859
393	0	795
394	0	717
395	0	641
396	0	792
397	0	702
398	0	701
399	0	638
400	0	870
401	0	818
402	0	747
403	0	676
404	0	731
405	0	649
406	0	671
407	0	649
408	0	732
409	0	641
410	0	720
411	0	646
412	0	732
413	0	645
414	0	657
415	0	642
416	0	972
417	0	841
418	0	788
419	0	731
420	0	799
421	0	720
422	0	717
423	0	657
424	0	874
425	0	807
426	0	735
427	0	672
428	0	725
429	0	649
430	0	818
431	0	645
432	0	960
433	0	860
434	0	791
435	0	732
436	0	810
437	0	725
438	0	721
439	0	642
440	0	878
441	0	3970
442	0	717
443	0	645
444	0	818
445	0	709
446	0	706
447	0	641
448	0	942
449	0	841
450	0	796
451	0	743
452	0	803
453	0	717
454	0	713
455	0	657
456	0	886
457	0	807
458	0	750
459	0	653
460	0	800
461	0	716
462	0	713
463	0	653
464	0	870
465	0	834
466	0	701
467	0	646
468	0	818
469	0	701
470	0	713
471	0	650
472	0	953
473	0	833
474	0	724
475	0	664
476	0	796
477	0	717
478	0	713
479	0	653
480	0	893
481	0	867
482	0	781
483	0	668
484	0	789
485	0	709
486	0	706
487	0	661
488	0	878
489	0	803
490	0	754
491	0	694
492	0	800
493	0	710
494	0	716
495	0	653
496	0	912
497	0	803
498	0	732
499	0	657
500	0	800
501	0	728
502	0	739
503	0	657
504	0	882
505	0	807
506	0	724
507	0	661
508	0	795
509	0	724
510	0	720
511	0	645
512	0	878
513	0	45684
514	0	735
515	0	653
516	0	800
517	0	709
518	0	709
519	0	653
520	0	889
521	0	804
522	0	728
523	0	664
524	0	834
525	0	731
526	0	716
527	0	657
528	0	897
529	0	810
530	0	713
531	0	3392
532	0	829
533	0	4249
534	0	721
535	0	653
536	0	882
537	0	804
538	0	725
539	0	683
540	0	784
541	0	713
542	0	720
543	0	657
544	0	885
545	0	791
546	0	732
547	0	653
548	0	799
549	0	717
550	0	716
551	0	661
552	0	897
553	0	803
554	0	728
555	0	657
556	0	799
557	0	717
558	0	717
559	0	660
560	0	882
561	0	803
562	0	1501
563	0	1205
564	0	1584
565	0	1268
566	0	1269
567	0	672
568	0	904
569	0	819
570	0	746
571	0	706
572	0	826
573	0	736
574	0	736
575	0	683
576	0	915
577	0	830
578	0	736
579	0	680
580	0	825
581	0	747
582	0	717
583	0	668
584	0	882
585	0	819
586	0	724
587	0	668
588	0	807
589	0	728
590	0	728
591	0	668
592	0	4128
593	0	845
594	0	736
595	0	680
596	0	822
597	0	735
598	0	739
599	0	679
600	0	818
601	0	743
602	0	735
603	0	701
604	0	810
605	0	739
606	0	732
607	0	665
608	0	815
609	0	728
610	0	724
611	0	1178
612	0	1408
613	0	1257
614	0	1253
615	0	1163
616	0	1430
617	0	1269
618	0	1299
619	0	1193
620	0	1446
621	0	1291
622	0	1295
623	0	1182
624	0	1448
625	0	751
626	0	743
627	0	675
628	0	825
629	0	743
630	0	720
631	0	664
632	0	803
633	0	720
634	0	721
635	0	672
636	0	799
637	0	717
638	0	721
639	0	665
640	0	814
641	0	769
642	0	747
643	0	683
644	0	833
645	0	744
646	0	746
647	0	680
648	0	841
649	0	743
650	0	739
651	0	683
652	0	3325
653	0	743
654	0	716
655	0	668
656	0	931
657	0	728
658	0	721
659	0	660
660	0	810
661	0	713
662	0	720
663	0	657
664	0	814
665	0	717
666	0	743
667	0	686
668	0	833
669	0	739
670	0	743
671	0	683
672	0	924
673	0	747
674	0	743
675	0	683
676	0	833
677	0	751
678	0	717
679	0	664
680	0	837
681	0	736
682	0	717
683	0	664
684	0	814
685	0	747
686	0	728
687	0	664
688	0	927
689	0	728
690	0	743
691	0	690
692	0	833
693	0	739
694	0	736
695	0	679
696	0	927
697	0	747
698	0	739
699	0	690
700	0	826
701	0	743
702	0	808
703	0	668
704	0	808
705	0	724
706	0	725
707	0	668
708	0	803
709	0	721
710	0	721
711	0	661
712	0	3325
713	0	717
714	0	751
715	0	687
716	0	826
717	0	758
718	0	739
719	0	687
720	0	822
721	0	739
722	0	747
723	0	686
724	0	823
725	0	743
726	0	721
727	0	661
728	0	912
729	0	724
730	0	717
731	0	664
732	0	810
733	0	725
734	0	732
735	0	661
736	0	807
737	0	724
738	0	739
739	0	683
740	0	829
741	0	743
742	0	736
743	0	679
744	0	821
745	0	743
746	0	755
747	0	687
748	0	830
749	0	736
750	0	717
751	0	664
752	0	807
753	0	716
754	0	725
755	0	657
756	0	807
757	0	724
758	0	728
759	0	664
760	0	799
761	0	721
762	0	743
763	0	679
764	0	826
765	0	728
766	0	743
767	0	679
768	0	834
769	0	743
770	0	736
771	0	686
772	0	3299
773	0	739
774	0	725
775	0	656
776	0	886
777	0	724
778	0	729
779	0	661
780	0	743
781	0	653
782	0	653
783	0	665
784	0	732
785	0	656
786	0	683
787	0	668
788	0	672
789	0	668
790	0	676
791	0	672
792	0	675
793	0	694
794	0	751
795	0	672
796	0	675
797	0	676
798	0	747
799	0	649
800	0	653
801	0	665
802	0	653
803	0	657
804	0	657
805	0	653
806	0	664
807	0	668
808	0	653
809	0	668
810	0	672
811	0	683
812	0	668
813	0	675
814	0	1948
815	0	672
816	0	736
817	0	642
818	0	638
819	0	686
820	0	717
821	0	645
822	0	649
823	0	634
824	0	859
825	0	642
826	0	635
827	0	646
828	0	705
829	0	619
830	0	634
831	0	631
832	0	713
833	0	4372
834	0	657
835	0	642
836	0	725
837	0	634
838	0	635
839	0	634
840	0	720
841	0	642
842	0	720
843	0	664
844	0	638
845	0	638
846	0	751
847	0	634
848	0	638
849	0	645
850	0	724
851	0	634
852	0	634
853	0	634
854	0	724
855	0	634
856	0	634
857	0	623
858	0	751
859	0	661
860	0	649
861	0	642
862	0	743
863	0	650
864	0	645
865	0	649
866	0	747
867	0	645
868	0	739
869	0	664
870	0	740
871	0	634
872	0	735
873	0	615
874	0	751
875	0	630
876	0	728
877	0	627
878	0	770
879	0	620
880	0	731
881	0	630
882	0	676
883	0	653
884	0	788
885	0	634
886	0	792
887	0	641
888	0	867
889	0	630
890	0	720
891	0	630
892	0	732
893	0	3629
894	0	657
895	0	615
896	0	755
897	0	619
898	0	754
899	0	623
900	0	702
901	0	638
902	0	713
903	0	634
904	0	615
905	0	627
906	0	717
907	0	634
908	0	627
909	0	627
910	0	713
911	0	638
912	0	630
913	0	626
914	0	724
915	0	627
916	0	626
917	0	641
918	0	720
919	0	616
920	0	612
921	0	615
922	0	612
923	0	619
924	0	698
925	0	616
926	0	709
927	0	615
928	0	615
929	0	612
930	0	728
931	0	638
932	0	623
933	0	623
934	0	724
935	0	627
936	0	785
937	0	627
938	0	623
939	0	623
940	0	699
941	0	620
942	0	615
943	0	619
944	0	713
945	0	615
946	0	623
947	0	627
948	0	743
949	0	616
950	0	611
951	0	616
952	0	724
953	0	3209
954	0	642
955	0	638
956	0	717
957	0	623
958	0	622
959	0	623
960	0	705
961	0	619
962	0	619
963	0	620
964	0	702
965	0	642
966	0	698
967	0	620
968	0	634
969	0	631
970	0	713
971	0	649
972	0	638
973	0	630
974	0	717
975	0	650
976	0	631
977	0	619
978	0	721
979	0	623
980	0	623
981	0	623
982	0	724
983	0	619
984	0	623
985	0	623
986	0	706
987	0	623
988	0	623
989	0	623
990	0	709
991	0	623
992	0	729
993	0	616
994	0	747
995	0	631
996	0	623
997	0	615
998	0	731
999	0	612
1000	0	732
1001	0	634
1002	0	630
1003	0	631
1004	0	710
1005	0	620
1006	0	619
1007	0	631
1008	0	740
1009	0	630
1010	0	623
1011	0	619
1012	0	706
1013	0	638
1014	0	630
1015	0	619
1016	0	698
1017	0	616
1018	0	612
1019	0	645
1020	0	762
1021	0	623
1022	0	694
1023	0	612
1024	0	690
1025	0	88779
1026	0	653
1027	0	657
1028	0	638
1029	0	638
1030	0	627
1031	0	750
1032	0	650
1033	0	638
1034	0	642
1035	0	649
1036	0	641
1037	0	642
1038	0	645
1039	0	630
1040	0	641
1041	0	627
1042	0	627
1043	0	619
1044	0	626
1045	0	631
1046	0	664
1047	0	657
1048	0	645
1049	0	626
1050	0	653
1051	0	641
1052	0	2068
1053	0	672
1054	0	721
1055	0	646
1056	0	747
1057	0	653
1058	0	653
1059	0	653
1060	0	762
1061	0	657
1062	0	672
1063	0	717
1064	0	709
1065	0	634
1066	0	638
1067	0	623
1068	0	781
1069	0	631
1070	0	927
1071	0	788
1072	0	759
1073	0	627
1074	0	724
1075	0	664
1076	0	837
1077	0	642
1078	0	766
1079	0	645
1080	0	792
1081	0	646
1082	0	836
1083	0	713
1084	0	777
1085	0	5735
1086	0	845
1087	0	623
1088	0	620
1089	0	623
1090	0	706
1091	0	620
1092	0	619
1093	0	622
1094	0	743
1095	0	623
1096	0	699
1097	0	634
1098	0	724
1099	0	642
1100	0	642
1101	0	641
1102	0	721
1103	0	657
1104	0	660
1105	0	634
1106	0	792
1107	0	638
1108	0	739
1109	0	664
1110	0	762
1111	0	623
1112	0	623
1113	0	616
1114	0	732
1115	0	615
1116	0	623
1117	0	623
1118	0	694
1119	0	612
1120	0	706
1121	0	612
1122	0	626
1123	0	638
1124	0	751
1125	0	627
1126	0	630
1127	0	631
1128	0	713
1129	0	668
1130	0	634
1131	0	657
1132	0	732
1133	0	627
1134	0	620
1135	0	635
1136	0	698
1137	0	615
1138	0	612
1139	0	615
1140	0	694
1141	0	612
1142	0	653
1143	0	616
1144	0	694
1145	0	3468
1146	0	653
1147	0	630
1148	0	713
1149	0	631
1150	0	732
1151	0	630
1152	0	634
1153	0	642
1154	0	709
1155	0	653
1156	0	631
1157	0	626
1158	0	765
1159	0	635
1160	0	724
1161	0	615
1162	0	699
1163	0	619
1164	0	646
1165	0	638
1166	0	728
1167	0	612
1168	0	642
1169	0	619
1170	0	769
1171	0	2019
1172	0	679
1173	0	660
1174	0	788
1175	0	649
1176	0	645
1177	0	649
1178	0	773
1179	0	649
1180	0	728
1181	0	649
1182	0	829
1183	0	796
1184	0	739
1185	0	634
1186	0	638
1187	0	641
1188	0	709
1189	0	631
1190	0	627
1191	0	619
1192	0	728
1193	0	634
1194	0	679
1195	0	672
1196	0	762
1197	0	645
1198	0	758
1199	0	630
1200	0	720
1201	0	634
1202	0	634
1203	0	634
1204	0	713
1205	0	5454
1206	0	649
1207	0	619
1208	0	710
1209	0	612
1210	0	608
1211	0	616
1212	0	713
1213	0	612
1214	0	716
1215	0	612
1216	0	611
1217	0	612
1218	0	732
1219	0	630
1220	0	626
1221	0	627
1222	0	728
1223	0	645
1224	0	627
1225	0	623
1226	0	717
1227	0	627
1228	0	664
1229	0	627
1230	0	713
1231	0	612
1232	0	612
1233	0	611
1234	0	717
1235	0	612
1236	0	611
1237	0	615
1238	0	694
1239	0	612
1240	0	612
1241	0	612
1242	0	724
1243	0	634
1244	0	623
1245	0	623
1246	0	724
1247	0	627
1248	0	717
1249	0	626
1250	0	626
1251	0	623
1252	0	743
1253	0	623
1254	0	616
1255	0	615
1256	0	717
1257	0	611
1258	0	612
1259	0	615
1260	0	710
1261	0	649
1262	0	608
1263	0	611
1264	0	694
1265	0	3168
1266	0	638
1267	0	627
1268	0	717
1269	0	623
1270	0	626
1271	0	627
1272	0	770
1273	0	627
1274	0	623
1275	0	623
1276	0	716
1277	0	623
1278	0	717
1279	0	612
1280	0	612
1281	0	616
1282	0	702
1283	0	619
1284	0	649
1285	0	619
1286	0	706
1287	0	615
1288	0	646
1289	0	615
1290	0	724
1291	0	630
1292	0	634
1293	0	630
1294	0	720
1295	0	638
1296	0	627
1297	0	653
1298	0	725
1299	0	638
1300	0	634
1301	0	638
1302	0	717
1303	0	627
1304	0	788
1305	0	626
1306	0	732
1307	0	623
1308	0	729
1309	0	645
1310	0	754
1311	0	646
1312	0	765
1313	0	638
1314	0	642
1315	0	635
1316	0	736
1317	0	634
1318	0	634
1319	0	642
1320	0	729
1321	0	638
1322	0	635
1323	0	631
1324	0	811
1325	0	638
1326	0	3925
1327	0	642
1328	0	754
1329	0	619
1330	0	615
1331	0	623
1332	0	698
1333	0	623
1334	0	619
1335	0	619
1336	0	717
1337	0	616
1338	0	656
1339	0	627
1340	0	713
1341	0	623
1342	0	728
1343	0	638
1344	0	668
1345	0	626
1346	0	710
1347	0	623
1348	0	627
1349	0	627
1350	0	713
1351	0	616
1352	0	612
1353	0	620
1354	0	694
1355	0	615
1356	0	612
1357	0	627
1358	0	710
1359	0	630
1360	0	627
1361	0	627
1362	0	739
1363	0	650
1364	0	631
1365	0	638
1366	0	713
1367	0	630
1368	0	631
1369	0	630
1370	0	728
1371	0	630
1372	0	631
1373	0	634
1374	0	750
1375	0	627
1376	0	754
1377	0	660
1378	0	634
1379	0	701
1380	0	762
1381	0	630
1382	0	717
1383	0	653
1384	0	777
1385	0	631
1386	0	3306
1387	0	649
1388	0	765
1389	0	638
1390	0	649
1391	0	672
1392	0	724
1393	0	631
1394	0	634
1395	0	656
1396	0	818
1397	0	631
1398	0	627
1399	0	634
1400	0	769
1401	0	641
1402	0	631
1403	0	623
1404	0	710
1405	0	653
1406	0	732
1407	0	623
1408	0	623
1409	0	623
1410	0	773
1411	0	645
1412	0	641
1413	0	649
1414	0	743
1415	0	676
1416	0	717
1417	0	661
1418	0	720
1419	0	634
1420	0	630
1421	0	630
1422	0	709
1423	0	642
1424	0	646
1425	0	627
1426	0	713
1427	0	630
1428	0	627
1429	0	645
1430	0	736
1431	0	668
1432	0	649
1433	0	631
1434	0	747
1435	0	661
1436	0	660
1437	0	627
1438	0	710
1439	0	627
1440	0	720
1441	0	623
1442	0	627
1443	0	653
1444	0	736
1445	0	631
1446	0	3149
1447	0	661
1448	0	729
1449	0	631
1450	0	631
1451	0	630
1452	0	713
1453	0	626
1454	0	664
1455	0	630
1456	0	713
1457	0	631
1458	0	649
1459	0	668
1460	0	755
1461	0	657
1462	0	642
1463	0	645
1464	0	717
1465	0	631
1466	0	634
1467	0	630
1468	0	721
1469	0	635
1470	0	769
1471	0	623
1472	0	619
1473	0	638
1474	0	717
1475	0	642
1476	0	630
1477	0	630
1478	0	844
1479	0	619
1480	0	635
1481	0	619
1482	0	773
1483	0	680
1484	0	630
1485	0	627
1486	0	740
1487	0	627
1488	0	627
1489	0	623
1490	0	717
1491	0	634
1492	0	623
1493	0	627
1494	0	717
1495	0	611
1496	0	612
1497	0	611
1498	0	694
1499	0	620
1500	0	612
1501	0	615
1502	0	743
1503	0	616
1504	0	769
1505	0	630
1506	0	5160
1507	0	683
1508	0	710
1509	0	623
1510	0	630
1511	0	620
1512	0	721
1513	0	619
1514	0	623
1515	0	634
1516	0	724
1517	0	627
1518	0	619
1519	0	619
1520	0	988
1521	0	608
1522	0	653
1523	0	612
1524	0	702
1525	0	611
1526	0	611
1527	0	611
1528	0	2319
1529	0	675
1530	0	676
1531	0	649
1532	0	713
1533	0	634
1534	0	709
1535	0	680
1536	0	630
1537	0	631
1538	0	833
1539	0	634
1540	0	634
1541	0	635
1542	0	721
1543	0	627
1544	0	626
1545	0	631
1546	0	709
1547	0	627
1548	0	627
1549	0	630
1550	0	758
1551	0	661
1552	0	627
1553	0	642
1554	0	716
1555	0	660
1556	0	638
1557	0	638
1558	0	728
1559	0	665
1560	0	720
1561	0	646
1562	0	713
1563	0	631
1564	0	641
1565	0	634
1566	0	705
1567	0	9168
1568	0	743
1569	0	619
1570	0	619
1571	0	641
1572	0	702
1573	0	616
1574	0	623
1575	0	612
1576	0	694
1577	0	615
1578	0	635
1579	0	631
1580	0	709
1581	0	619
1582	0	634
1583	0	620
1584	0	701
1585	0	626
1586	0	623
1587	0	623
1588	0	724
1589	0	623
1590	0	649
1591	0	619
1592	0	694
1593	0	627
1594	0	612
1595	0	615
1596	0	694
1597	0	619
1598	0	728
1599	0	615
1600	0	612
1601	0	615
1602	0	747
1603	0	631
1604	0	634
1605	0	627
1606	0	706
1607	0	623
1608	0	623
1609	0	627
1610	0	701
1611	0	627
1612	0	626
1613	0	626
1614	0	705
1615	0	612
1616	0	612
1617	0	615
1618	0	698
1619	0	611
1620	0	616
1621	0	612
1622	0	698
1623	0	616
1624	0	612
1625	0	642
1626	0	720
1627	0	3228
1628	0	630
1629	0	623
1630	0	706
1631	0	627
1632	0	702
1633	0	623
1634	0	623
1635	0	638
1636	0	725
1637	0	661
1638	0	635
1639	0	627
1640	0	713
1641	0	627
1642	0	611
1643	0	627
1644	0	709
1645	0	634
1646	0	616
1647	0	630
1648	0	717
1649	0	630
1650	0	642
1651	0	646
1652	0	717
1653	0	642
1654	0	638
1655	0	631
1656	0	713
1657	0	638
1658	0	638
1659	0	638
1660	0	754
1661	0	638
1662	0	717
1663	0	634
1664	0	642
1665	0	631
1666	0	725
1667	0	634
1668	0	619
1669	0	635
1670	0	732
1671	0	620
1672	0	630
1673	0	642
1674	0	784
1675	0	650
1676	0	634
1677	0	638
1678	0	716
1679	0	642
1680	0	638
1681	0	638
1682	0	761
1683	0	641
1684	0	638
1685	0	641
1686	0	716
1687	0	3089
1688	0	646
1689	0	620
1690	0	720
1691	0	615
1692	0	620
1693	0	619
1694	0	705
1695	0	627
1696	0	702
1697	0	619
1698	0	630
1699	0	631
1700	0	721
1701	0	627
1702	0	627
1703	0	634
1704	0	728
1705	0	638
1706	0	634
1707	0	626
1708	0	710
1709	0	627
1710	0	616
1711	0	620
1712	0	694
1713	0	623
1714	0	619
1715	0	616
1716	0	698
1717	0	630
1718	0	623
1719	0	642
1720	0	717
1721	0	623
1722	0	653
1723	0	634
1724	0	717
1725	0	635
1726	0	717
1727	0	630
1728	0	638
1729	0	631
1730	0	717
1731	0	634
1732	0	661
1733	0	635
1734	0	713
1735	0	634
1736	0	630
1737	0	638
1738	0	740
1739	0	627
1740	0	631
1741	0	630
1742	0	713
1743	0	631
1744	0	626
1745	0	724
1746	0	732
1747	0	3329
1748	0	650
1749	0	623
1750	0	709
1751	0	623
1752	0	623
1753	0	615
1754	0	717
1755	0	619
1756	0	619
1757	0	619
1758	0	694
1759	0	619
1760	0	702
1761	0	619
1762	0	608
1763	0	612
1764	0	848
1765	0	615
1766	0	608
1767	0	615
1768	0	702
1769	0	615
1770	0	627
1771	0	627
1772	0	717
1773	0	619
1774	0	623
1775	0	623
1776	0	713
1777	0	619
1778	0	638
1779	0	623
1780	0	717
1781	0	627
1782	0	630
1783	0	612
1784	0	713
1785	0	615
1786	0	611
1787	0	616
1788	0	702
1789	0	619
1790	0	706
1791	0	612
1792	0	608
1793	0	616
1794	0	728
1795	0	623
1796	0	627
1797	0	615
1798	0	709
1799	0	615
1800	0	619
1801	0	620
1802	0	710
1803	0	619
1804	0	627
1805	0	627
1806	0	698
1807	0	3081
1808	0	615
1809	0	619
1810	0	724
1811	0	616
1812	0	627
1813	0	616
1814	0	751
1815	0	616
1816	0	626
1817	0	627
1818	0	739
1819	0	627
1820	0	627
1821	0	631
1822	0	720
1823	0	631
1824	0	720
1825	0	630
1826	0	627
1827	0	635
1828	0	717
1829	0	623
1830	0	627
1831	0	623
1832	0	706
1833	0	615
1834	0	619
1835	0	642
1836	0	710
1837	0	623
1838	0	615
1839	0	623
1840	0	713
1841	0	615
1842	0	641
1843	0	627
1844	0	721
1845	0	627
1846	0	623
1847	0	616
1848	0	766
1849	0	620
1850	0	630
1851	0	623
1852	0	721
1853	0	623
1854	0	713
1855	0	649
1856	0	623
1857	0	2015
1858	0	769
1859	0	724
1860	0	630
1861	0	631
1862	0	735
1863	0	634
1864	0	649
1865	0	631
1866	0	728
1867	0	642
1868	0	5044
1869	0	653
1870	0	709
1871	0	631
1872	0	630
1873	0	641
1874	0	720
1875	0	634
1876	0	638
1877	0	630
1878	0	717
1879	0	642
1880	0	619
1881	0	635
1882	0	721
1883	0	630
1884	0	642
1885	0	638
1886	0	751
1887	0	638
1888	0	740
1889	0	638
1890	0	762
1891	0	649
1892	0	724
1893	0	631
1894	0	642
1895	0	642
1896	0	721
1897	0	630
1898	0	634
1899	0	641
1900	0	717
1901	0	634
1902	0	728
1903	0	638
1904	0	754
1905	0	642
1906	0	634
1907	0	638
1908	0	732
1909	0	638
1910	0	634
1911	0	638
1912	0	721
1913	0	638
1914	0	635
1915	0	661
1916	0	777
1917	0	635
1918	0	717
1919	0	642
1920	0	635
1921	0	638
1922	0	766
1923	0	630
1924	0	743
1925	0	638
1926	0	717
1927	0	638
1928	0	3516
1929	0	634
1930	0	740
1931	0	634
1932	0	638
1933	0	635
1934	0	721
1935	0	631
1936	0	634
1937	0	635
1938	0	736
1939	0	653
1940	0	653
1941	0	642
1942	0	754
1943	0	642
1944	0	638
1945	0	638
1946	0	744
1947	0	642
1948	0	641
1949	0	638
1950	0	710
1951	0	638
1952	0	717
1953	0	649
1954	0	627
1955	0	634
1956	0	732
1957	0	634
1958	0	631
1959	0	796
1960	0	710
1961	0	623
1962	0	676
1963	0	668
1964	0	721
1965	0	638
1966	0	653
1967	0	646
1968	0	762
1969	0	638
1970	0	676
1971	0	653
1972	0	724
1973	0	638
1974	0	634
1975	0	653
1976	0	766
1977	0	664
1978	0	646
1979	0	665
1980	0	754
1981	0	634
1982	0	721
1983	0	631
1984	0	645
1985	0	641
1986	0	735
1987	0	664
1988	0	3122
1989	0	660
1990	0	743
1991	0	638
1992	0	676
1993	0	645
1994	0	709
1995	0	631
1996	0	631
1997	0	630
1998	0	770
1999	0	627
2000	0	709
2001	0	630
2002	0	710
2003	0	623
2004	0	661
2005	0	657
2006	0	732
2007	0	630
2008	0	627
2009	0	660
2010	0	709
2011	0	664
2012	0	657
2013	0	634
2014	0	725
2015	0	627
2016	0	713
2017	0	630
2018	0	627
2019	0	657
2020	0	765
2021	0	642
2022	0	785
2023	0	634
2024	0	694
2025	0	619
2026	0	615
2027	0	626
2028	0	729
2029	0	649
2030	0	631
2031	0	635
2032	0	713
2033	0	634
2034	0	702
2035	0	660
2036	0	713
2037	0	634
2038	0	631
2039	0	634
2040	0	721
2041	0	679
2042	0	653
2043	0	634
2044	0	747
2045	0	657
2046	0	724
2047	0	634
2048	0	3164
2049	0	170154
2050	0	653
2051	0	646
2052	0	627
2053	0	626
2054	0	623
2055	0	635
2056	0	612
2057	0	612
2058	0	650
2059	0	646
2060	0	664
2061	0	634
2062	0	627
2063	0	638
2064	0	661
2065	0	631
2066	0	634
2067	0	635
2068	0	638
2069	0	653
2070	0	627
2071	0	634
2072	0	627
2073	0	627
2074	0	627
2075	0	626
2076	0	687
2077	0	634
2078	0	616
2079	0	638
2080	0	623
2081	0	642
2082	0	649
2083	0	649
2084	0	634
2085	0	630
2086	0	634
2087	0	634
2088	0	635
2089	0	635
2090	0	631
2091	0	634
2092	0	634
2093	0	642
2094	0	635
2095	0	1801
2096	0	683
2097	0	635
2098	0	635
2099	0	634
2100	0	721
2101	0	631
2102	0	634
2103	0	635
2104	0	635
2105	0	634
2106	0	653
2107	0	641
2108	0	717
2109	0	5336
2110	0	653
2111	0	635
2112	0	638
2113	0	634
2114	0	638
2115	0	634
2116	0	635
2117	0	638
2118	0	623
2119	0	623
2120	0	616
2121	0	623
2122	0	619
2123	0	619
2124	0	698
2125	0	616
2126	0	710
2127	0	619
2128	0	615
2129	0	619
2130	0	634
2131	0	638
2132	0	634
2133	0	638
2134	0	638
2135	0	638
2136	0	676
2137	0	638
2138	0	638
2139	0	645
2140	0	728
2141	0	638
2142	0	623
2143	0	619
2144	0	706
2145	0	623
2146	0	619
2147	0	619
2148	0	646
2149	0	623
2150	0	713
2151	0	623
2152	0	623
2153	0	623
2154	0	728
2155	0	646
2156	0	724
2157	0	642
2158	0	645
2159	0	642
2160	0	732
2161	0	642
2162	0	642
2163	0	642
2164	0	770
2165	0	641
2166	0	642
2167	0	623
2168	0	627
2169	0	2976
2170	0	724
2171	0	660
2172	0	638
2173	0	623
2174	0	626
2175	0	623
2176	0	706
2177	0	630
2178	0	646
2179	0	641
2180	0	634
2181	0	630
2182	0	634
2183	0	630
2184	0	724
2185	0	631
2186	0	713
2187	0	635
2188	0	664
2189	0	634
2190	0	623
2191	0	630
2192	0	635
2193	0	665
2194	0	717
2195	0	626
2196	0	627
2197	0	627
2198	0	709
2199	0	664
2200	0	627
2201	0	630
2202	0	724
2203	0	638
2204	0	631
2205	0	630
2206	0	720
2207	0	630
2208	0	751
2209	0	635
2210	0	710
2211	0	649
2212	0	638
2213	0	634
2214	0	642
2215	0	630
2216	0	623
2217	0	627
2218	0	619
2219	0	623
2220	0	619
2221	0	623
2222	0	623
2223	0	623
2224	0	716
2225	0	620
2226	0	638
2227	0	634
2228	0	645
2229	0	3074
2230	0	765
2231	0	635
2232	0	638
2233	0	641
2234	0	638
2235	0	642
2236	0	736
2237	0	638
2238	0	724
2239	0	627
2240	0	619
2241	0	630
2242	0	724
2243	0	627
2244	0	627
2245	0	623
2246	0	736
2247	0	620
2248	0	622
2249	0	623
2250	0	750
2251	0	634
2252	0	635
2253	0	638
2254	0	729
2255	0	635
2256	0	638
2257	0	634
2258	0	634
2259	0	657
2260	0	740
2261	0	672
2262	0	672
2263	0	634
2264	0	720
2265	0	623
2266	0	713
2267	0	631
2268	0	620
2269	0	623
2270	0	732
2271	0	627
2272	0	709
2273	0	634
2274	0	653
2275	0	642
2276	0	706
2277	0	631
2278	0	634
2279	0	630
2280	0	728
2281	0	635
2282	0	630
2283	0	631
2284	0	721
2285	0	631
2286	0	627
2287	0	630
2288	0	743
2289	0	3347
2290	0	631
2291	0	627
2292	0	634
2293	0	626
2294	0	732
2295	0	630
2296	0	717
2297	0	630
2298	0	646
2299	0	642
2300	0	630
2301	0	676
2302	0	709
2303	0	631
2304	0	630
2305	0	657
2306	0	721
2307	0	668
2308	0	634
2309	0	634
2310	0	717
2311	0	638
2312	0	672
2313	0	616
2314	0	686
2315	0	597
2316	0	593
2317	0	596
2318	0	687
2319	0	608
2320	0	597
2321	0	596
2322	0	623
2323	0	616
2324	0	601
2325	0	601
2326	0	1302
2327	0	1156
2328	0	1138
2329	0	1107
2330	0	1197
2331	0	1100
2332	0	1099
2333	0	1100
2334	0	1223
2335	0	1099
2336	0	1189
2337	0	1100
2338	0	1096
2339	0	1103
2340	0	680
2341	0	631
2342	0	627
2343	0	627
2344	0	626
2345	0	630
2346	0	641
2347	0	634
2348	0	649
2349	0	634
2350	0	3265
2351	0	631
2352	0	717
2353	0	631
2354	0	630
2355	0	630
2356	0	709
2357	0	630
2358	0	627
2359	0	623
2360	0	720
2361	0	626
2362	0	627
2363	0	626
2364	0	709
2365	0	615
2366	0	716
2367	0	649
2368	0	631
2369	0	642
2370	0	654
2371	0	638
2372	0	713
2373	0	634
2374	0	635
2375	0	630
2376	0	713
2377	0	638
2378	0	713
2379	0	631
2380	0	638
2381	0	634
2382	0	702
2383	0	630
2384	0	623
2385	0	627
2386	0	630
2387	0	619
2388	0	698
2389	0	627
2390	0	720
2391	0	626
2392	0	627
2393	0	638
2394	0	724
2395	0	635
2396	0	634
2397	0	634
2398	0	717
2399	0	638
2400	0	721
2401	0	676
2402	0	649
2403	0	630
2404	0	735
2405	0	630
2406	0	619
2407	0	623
2408	0	717
2409	0	634
2410	0	2814
2411	0	634
2412	0	623
2413	0	615
2414	0	623
2415	0	611
2416	0	694
2417	0	615
2418	0	634
2419	0	623
2420	0	627
2421	0	626
2422	0	627
2423	0	626
2424	0	623
2425	0	635
2426	0	627
2427	0	627
2428	0	743
2429	0	638
2430	0	724
2431	0	623
2432	0	619
2433	0	626
2434	0	623
2435	0	616
2436	0	706
2437	0	619
2438	0	717
2439	0	616
2440	0	616
2441	0	626
2442	0	721
2443	0	627
2444	0	627
2445	0	665
2446	0	762
2447	0	675
2448	0	679
2449	0	680
2450	0	683
2451	0	683
2452	0	754
2453	0	705
2454	0	743
2455	0	668
2456	0	668
2457	0	664
2458	0	657
2459	0	657
2460	0	653
2461	0	653
2462	0	728
2463	0	657
2464	0	743
2465	0	661
2466	0	676
2467	0	679
2468	0	758
2469	0	660
2470	0	2998
2471	0	683
2472	0	679
2473	0	679
2474	0	758
2475	0	676
2476	0	683
2477	0	675
2478	0	664
2479	0	672
2480	0	653
2481	0	650
2482	0	747
2483	0	650
2484	0	650
2485	0	653
2486	0	743
2487	0	649
2488	0	649
2489	0	649
2490	0	740
2491	0	672
2492	0	672
2493	0	672
2494	0	743
2495	0	679
2496	0	675
2497	0	676
2498	0	676
2499	0	672
2500	0	758
2501	0	675
2502	0	653
2503	0	653
2504	0	735
2505	0	680
2506	0	735
2507	0	653
2508	0	649
2509	0	679
2510	0	731
2511	0	649
2512	0	641
2513	0	638
2514	0	676
2515	0	702
2516	0	668
2517	0	679
2518	0	754
2519	0	699
2520	0	664
2521	0	660
2522	0	766
2523	0	664
2524	0	665
2525	0	672
2526	0	728
2527	0	641
2528	0	735
2529	0	653
2530	0	2991
2531	0	656
2532	0	665
2533	0	653
2534	0	656
2535	0	653
2536	0	743
2537	0	653
2538	0	675
2539	0	684
2540	0	660
2541	0	672
2542	0	755
2543	0	676
2544	0	743
2545	0	672
2546	0	671
2547	0	683
2548	0	773
2549	0	675
2550	0	656
2551	0	642
2552	0	728
2553	0	683
2554	0	660
2555	0	642
2556	0	728
2557	0	656
2558	0	743
2559	0	657
2560	0	657
2561	0	649
2562	0	758
2563	0	680
2564	0	957
2565	0	671
2566	0	736
2567	0	642
2568	0	642
2569	0	641
2570	0	694
2571	0	634
2572	0	642
2573	0	642
2574	0	664
2575	0	642
2576	0	724
2577	0	642
2578	0	755
2579	0	646
2580	0	642
2581	0	668
2582	0	724
2583	0	642
2584	0	668
2585	0	645
2586	0	724
2587	0	661
2588	0	650
2589	0	645
2590	0	735
2591	0	4311
2592	0	736
2593	0	638
2594	0	672
2595	0	645
2596	0	724
2597	0	634
2598	0	635
2599	0	627
2600	0	721
2601	0	627
2602	0	623
2603	0	627
2604	0	724
2605	0	627
2606	0	630
2607	0	638
2608	0	717
2609	0	627
2610	0	645
2611	0	645
2612	0	728
2613	0	656
2614	0	642
2615	0	645
2616	0	717
2617	0	679
2618	0	638
2619	0	634
2620	0	720
2621	0	638
2622	0	720
2623	0	630
2624	0	627
2625	0	634
2626	0	747
2627	0	634
2628	0	642
2629	0	627
2630	0	713
2631	0	631
2632	0	631
2633	0	631
2634	0	732
2635	0	642
2636	0	638
2637	0	638
2638	0	720
2639	0	642
2640	0	634
2641	0	638
2642	0	720
2643	0	634
2644	0	638
2645	0	642
2646	0	744
2647	0	638
2648	0	638
2649	0	642
2650	0	751
2651	0	9119
2652	0	656
2653	0	646
2654	0	807
2655	0	638
2656	0	641
2657	0	683
2658	0	743
2659	0	650
2660	0	646
2661	0	645
2662	0	642
2663	0	642
2664	0	739
2665	0	653
2666	0	646
2667	0	653
2668	0	653
2669	0	646
2670	0	721
2671	0	645
2672	0	728
2673	0	649
2674	0	638
2675	0	642
2676	0	2042
2677	0	661
2678	0	665
2679	0	634
2680	0	717
2681	0	634
2682	0	683
2683	0	642
2684	0	709
2685	0	626
2686	0	683
2687	0	649
2688	0	601
2689	0	596
2690	0	683
2691	0	604
2692	0	600
2693	0	601
2694	0	683
2695	0	698
2696	0	604
2697	0	605
2698	0	683
2699	0	600
2700	0	600
2701	0	605
2702	0	687
2703	0	668
2704	0	601
2705	0	604
2706	0	709
2707	0	623
2708	0	600
2709	0	600
2710	0	684
2711	0	4230
2712	0	612
2713	0	589
2714	0	687
2715	0	593
2716	0	593
2717	0	593
2718	0	676
2719	0	585
2720	0	668
2721	0	698
2722	0	585
2723	0	590
2724	0	664
2725	0	585
2726	0	585
2727	0	585
2728	0	671
2729	0	585
2730	0	604
2731	0	600
2732	0	683
2733	0	593
2734	0	593
2735	0	593
2736	0	687
2737	0	590
2738	0	593
2739	0	593
2740	0	686
2741	0	593
2742	0	585
2743	0	585
2744	0	668
2745	0	589
2746	0	586
2747	0	585
2748	0	680
2749	0	586
2750	0	680
2751	0	589
2752	0	585
2753	0	589
2754	0	694
2755	0	604
2756	0	593
2757	0	631
2758	0	686
2759	0	593
2760	0	593
2761	0	593
2762	0	686
2763	0	593
2764	0	593
2765	0	631
2766	0	676
2767	0	589
2768	0	585
2769	0	586
2770	0	675
2771	0	2679
2772	0	589
2773	0	585
2774	0	687
2775	0	585
2776	0	585
2777	0	585
2778	0	694
2779	0	593
2780	0	593
2781	0	593
2782	0	675
2783	0	593
2784	0	724
2785	0	593
2786	0	593
2787	0	593
2788	0	713
2789	0	593
2790	0	585
2791	0	590
2792	0	671
2793	0	586
2794	0	585
2795	0	623
2796	0	668
2797	0	612
2798	0	585
2799	0	589
2800	0	672
2801	0	586
2802	0	612
2803	0	604
2804	0	672
2805	0	616
2806	0	597
2807	0	627
2808	0	731
2809	0	627
2810	0	626
2811	0	627
2812	0	724
2813	0	627
2814	0	691
2815	0	611
2816	0	631
2817	0	608
2818	0	690
2819	0	615
2820	0	626
2821	0	627
2822	0	694
2823	0	627
2824	0	626
2825	0	638
2826	0	736
2827	0	650
2828	0	631
2829	0	630
2830	0	714
2831	0	2931
2832	0	653
2833	0	631
2834	0	2785
2835	0	653
2836	0	642
2837	0	631
2838	0	792
2839	0	627
2840	0	623
2841	0	635
2842	0	746
2843	0	627
2844	0	626
2845	0	646
2846	0	774
2847	0	627
2848	0	706
2849	0	631
2850	0	649
2851	0	638
2852	0	717
2853	0	635
2854	0	630
2855	0	631
2856	0	713
2857	0	657
2858	0	627
2859	0	646
2860	0	725
2861	0	661
2862	0	627
2863	0	627
2864	0	8331
2865	0	630
2866	0	657
2867	0	634
2868	0	721
2869	0	631
2870	0	627
2871	0	630
2872	0	724
2873	0	630
2874	0	645
2875	0	646
2876	0	721
2877	0	630
2878	0	725
2879	0	664
2880	0	646
2881	0	657
2882	0	706
2883	0	638
2884	0	630
2885	0	631
2886	0	717
2887	0	627
2888	0	638
2889	0	642
2890	0	721
2891	0	627
2892	0	2949
2893	0	657
2894	0	728
2895	0	630
2896	0	615
2897	0	619
2898	0	732
2899	0	627
2900	0	634
2901	0	626
2902	0	705
2903	0	623
2904	0	623
2905	0	623
2906	0	713
2907	0	638
2908	0	631
2909	0	623
2910	0	751
2911	0	615
2912	0	699
2913	0	623
2914	0	619
2915	0	615
2916	0	694
2917	0	619
2918	0	615
2919	0	615
2920	0	695
2921	0	615
2922	0	634
2923	0	630
2924	0	735
2925	0	623
2926	0	623
2927	0	619
2928	0	702
2929	0	638
2930	0	641
2931	0	634
2932	0	721
2933	0	627
2934	0	762
2935	0	21588
2936	0	754
2937	0	623
2938	0	751
2939	0	619
2940	0	777
2941	0	631
2942	0	769
2943	0	623
2944	0	690
2945	0	616
2946	0	732
2947	0	638
2948	0	626
2949	0	635
2950	0	706
2951	0	646
2952	0	3055
2953	0	649
2954	0	717
2955	0	623
2956	0	631
2957	0	638
2958	0	788
2959	0	619
2960	0	619
2961	0	661
2962	0	714
2963	0	623
2964	0	627
2965	0	661
2966	0	747
2967	0	687
2968	0	709
2969	0	623
2970	0	728
2971	0	683
2972	0	623
2973	0	634
2974	0	709
2975	0	634
2976	0	799
2977	0	664
2978	0	713
2979	0	646
2980	0	720
2981	0	623
2982	0	619
2983	0	620
2984	0	717
2985	0	649
2986	0	615
2987	0	649
2988	0	736
2989	0	619
2990	0	739
2991	0	623
2992	0	706
2993	0	627
2994	0	642
2995	0	635
2996	0	762
2997	0	626
2998	0	641
2999	0	638
3000	0	713
3001	0	627
3002	0	638
3003	0	638
3004	0	739
3005	0	766
3006	0	769
3007	0	649
3008	0	649
3009	0	635
3010	0	728
3011	0	645
3012	0	5656
3013	0	642
3014	0	736
3015	0	641
3016	0	641
3017	0	638
3018	0	739
3019	0	657
3020	0	664
3021	0	668
3022	0	720
3023	0	675
3024	0	650
3025	0	646
3026	0	732
3027	0	646
3028	0	642
3029	0	653
3030	0	732
3031	0	630
3032	0	638
3033	0	646
3034	0	731
3035	0	642
3036	0	638
3037	0	642
3038	0	758
3039	0	646
3040	0	721
3041	0	653
3042	0	660
3043	0	657
3044	0	732
3045	0	642
3046	0	645
3047	0	645
3048	0	728
3049	0	642
3050	0	649
3051	0	642
3052	0	728
3053	0	672
3054	0	630
3055	0	619
3056	0	735
3057	0	620
3058	0	623
3059	0	638
3060	0	716
3061	0	649
3062	0	626
3063	0	635
3064	0	728
3065	0	641
3066	0	653
3067	0	657
3068	0	736
3069	0	642
3070	0	720
3071	0	649
3072	0	2998
3073	0	653
3074	0	728
3075	0	638
3076	0	645
3077	0	638
3078	0	710
3079	0	638
3080	0	627
3081	0	638
3082	0	720
3083	0	623
3084	0	635
3085	0	638
3086	0	736
3087	0	627
3088	0	623
3089	0	642
3090	0	736
3091	0	661
3092	0	638
3093	0	638
3094	0	729
3095	0	671
3096	0	642
3097	0	649
3098	0	725
3099	0	638
3100	0	649
3101	0	664
3102	0	728
3103	0	649
3104	0	725
3105	0	642
3106	0	634
3107	0	638
3108	0	882
3109	0	638
3110	0	638
3111	0	627
3112	0	710
3113	0	638
3114	0	668
3115	0	642
3116	0	731
3117	0	638
3118	0	642
3119	0	638
3120	0	732
3121	0	642
3122	0	672
3123	0	642
3124	0	739
3125	0	646
3126	0	627
3127	0	645
3128	0	732
3129	0	642
3130	0	634
3131	0	627
3132	0	720
3133	0	2814
3134	0	736
3135	0	634
3136	0	642
3137	0	635
3138	0	762
3139	0	641
3140	0	641
3141	0	642
3142	0	720
3143	0	646
3144	0	645
3145	0	2012
3146	0	776
3147	0	660
3148	0	649
3149	0	653
3150	0	747
3151	0	664
3152	0	635
3153	0	646
3154	0	740
3155	0	645
3156	0	653
3157	0	649
3158	0	739
3159	0	668
3160	0	642
3161	0	638
3162	0	739
3163	0	668
3164	0	646
3165	0	645
3166	0	785
3167	0	702
3168	0	732
3169	0	645
3170	0	657
3171	0	650
3172	0	735
3173	0	653
3174	0	635
3175	0	649
3176	0	833
3177	0	642
3178	0	649
3179	0	646
3180	0	724
3181	0	683
3182	0	646
3183	0	694
3184	0	736
3185	0	649
3186	0	672
3187	0	656
3188	0	758
3189	0	645
3190	0	646
3191	0	646
3192	0	724
3193	0	6643
3194	0	645
3195	0	634
3196	0	728
3197	0	638
3198	0	716
3199	0	626
3200	0	623
3201	0	630
3202	0	705
3203	0	626
3204	0	627
3205	0	626
3206	0	706
3207	0	626
3208	0	626
3209	0	626
3210	0	724
3211	0	641
3212	0	634
3213	0	641
3214	0	732
3215	0	665
3216	0	729
3217	0	642
3218	0	743
3219	0	634
3220	0	634
3221	0	635
3222	0	732
3223	0	634
3224	0	634
3225	0	634
3226	0	765
3227	0	635
3228	0	751
3229	0	638
3230	0	762
3231	0	642
3232	0	717
3233	0	788
3234	0	650
3235	0	653
3236	0	735
3237	0	653
3238	0	649
3239	0	642
3240	0	732
3241	0	687
3242	0	638
3243	0	642
3244	0	735
3245	0	642
3246	0	630
3247	0	630
3248	0	777
3249	0	642
3250	0	732
3251	0	630
3252	0	762
3253	0	3701
3254	0	758
3255	0	631
3256	0	717
3257	0	634
3258	0	646
3259	0	642
3260	0	724
3261	0	642
3262	0	720
3263	0	638
3264	0	927
3265	0	649
3266	0	739
3267	0	653
3268	0	638
3269	0	638
3270	0	740
3271	0	638
3272	0	646
3273	0	634
3274	0	735
3275	0	634
3276	0	635
3277	0	739
3278	0	728
3279	0	638
3280	0	642
3281	0	660
3282	0	736
3283	0	661
3284	0	638
3285	0	634
3286	0	735
3287	0	646
3288	0	641
3289	0	635
3290	0	724
3291	0	638
3292	0	634
3293	0	634
3294	0	732
3295	0	638
3296	0	721
3297	0	635
3298	0	635
3299	0	641
3300	0	717
3301	0	638
3302	0	641
3303	0	619
3304	0	713
3305	0	634
3306	0	649
3307	0	649
3308	0	781
3309	0	634
3310	0	634
3311	0	635
3312	0	717
3313	0	3317
3314	0	657
3315	0	627
3316	0	728
3317	0	627
3318	0	619
3319	0	627
3320	0	705
3321	0	619
3322	0	623
3323	0	619
3324	0	728
3325	0	660
3326	0	717
3327	0	622
3328	0	619
3329	0	620
3330	0	717
3331	0	635
3332	0	626
3333	0	627
3334	0	709
3335	0	627
3336	0	627
3337	0	634
3338	0	721
3339	0	627
3340	0	630
3341	0	627
3342	0	728
3343	0	623
3344	0	619
3345	0	619
3346	0	701
3347	0	630
3348	0	620
3349	0	619
3350	0	702
3351	0	620
3352	0	619
3353	0	634
3354	0	735
3355	0	649
3356	0	635
3357	0	645
3358	0	769
3359	0	649
3360	0	717
3361	0	638
3362	0	634
3363	0	634
3364	0	732
3365	0	630
3366	0	641
3367	0	638
3368	0	747
3369	0	634
3370	0	634
3371	0	641
3372	0	725
3373	0	634
3374	0	3172
3375	0	650
3376	0	1880
3377	0	679
3378	0	660
3379	0	657
3380	0	720
3381	0	634
3382	0	638
3383	0	638
3384	0	724
3385	0	635
3386	0	638
3387	0	634
3388	0	725
3389	0	634
3390	0	729
3391	0	620
3392	0	616
3393	0	616
3394	0	698
3395	0	615
3396	0	616
3397	0	615
3398	0	701
3399	0	601
3400	0	616
3401	0	616
3402	0	732
3403	0	623
3404	0	611
3405	0	608
3406	0	690
3407	0	668
3408	0	612
3409	0	608
3410	0	691
3411	0	616
3412	0	612
3413	0	608
3414	0	676
3415	0	615
3416	0	616
3417	0	611
3418	0	803
3419	0	615
3420	0	612
3421	0	612
3422	0	683
3423	0	661
3424	0	702
3425	0	657
3426	0	642
3427	0	623
3428	0	716
3429	0	600
3430	0	597
3431	0	604
3432	0	679
3433	0	608
3434	0	4567
3435	0	604
3436	0	729
3437	0	596
3438	0	590
3439	0	586
3440	0	683
3441	0	585
3442	0	589
3443	0	586
3444	0	668
3445	0	585
3446	0	604
3447	0	600
3448	0	687
3449	0	601
3450	0	608
3451	0	616
3452	0	698
3453	0	600
3454	0	691
3455	0	601
3456	0	608
3457	0	600
3458	0	694
3459	0	601
3460	0	608
3461	0	601
3462	0	694
3463	0	601
3464	0	608
3465	0	601
3466	0	698
3467	0	597
3468	0	604
3469	0	600
3470	0	694
3471	0	600
3472	0	642
3473	0	601
3474	0	702
3475	0	616
3476	0	626
3477	0	605
3478	0	701
3479	0	605
3480	0	604
3481	0	600
3482	0	698
3483	0	601
3484	0	623
3485	0	604
3486	0	694
3487	0	600
3488	0	687
3489	0	601
3490	0	604
3491	0	604
3492	0	698
3493	0	600
3494	0	2904
3495	0	605
3496	0	683
3497	0	585
3498	0	600
3499	0	604
3500	0	675
3501	0	597
3502	0	596
3503	0	713
3504	0	687
3505	0	597
3506	0	597
3507	0	597
3508	0	680
3509	0	596
3510	0	585
3511	0	586
3512	0	679
3513	0	585
3514	0	582
3515	0	586
3516	0	683
3517	0	601
3518	0	679
3519	0	600
3520	0	597
3521	0	601
3522	0	698
3523	0	642
3524	0	605
3525	0	604
3526	0	699
3527	0	608
3528	0	608
3529	0	604
3530	0	694
3531	0	604
3532	0	604
3533	0	604
3534	0	694
3535	0	604
3536	0	604
3537	0	604
3538	0	691
3539	0	615
3540	0	600
3541	0	601
3542	0	694
3543	0	600
3544	0	600
3545	0	627
3546	0	713
3547	0	619
3548	0	604
3549	0	604
3550	0	698
3551	0	604
3552	0	694
3553	0	604
3554	0	2908
3555	0	623
3556	0	686
3557	0	593
3558	0	586
3559	0	589
3560	0	669
3561	0	585
3562	0	600
3563	0	600
3564	0	679
3565	0	601
3566	0	597
3567	0	612
3568	0	679
3569	0	601
3570	0	619
3571	0	616
3572	0	687
3573	0	600
3574	0	600
3575	0	600
3576	0	691
3577	0	601
3578	0	604
3579	0	600
3580	0	694
3581	0	601
3582	0	683
3583	0	604
3584	0	605
3585	0	601
3586	0	683
3587	0	600
3588	0	601
3589	0	601
3590	0	691
3591	0	600
3592	0	601
3593	0	619
3594	0	747
3595	0	642
3596	0	631
3597	0	630
3598	0	717
3599	0	627
3600	0	0
3601	0	638
3602	0	769
3603	0	634
3604	0	626
3605	0	627
3606	0	713
3607	0	623
3608	0	638
3609	0	619
3610	0	724
3611	0	634
3612	0	634
3613	0	627
3614	0	717
3615	0	3209
3616	0	736
3617	0	619
3618	0	631
3619	0	634
3620	0	710
3621	0	619
3622	0	627
3623	0	638
3624	0	743
3625	0	631
3626	0	627
3627	0	627
3628	0	735
3629	0	623
3630	0	612
3631	0	623
3632	0	713
3633	0	612
3634	0	615
3635	0	616
3636	0	706
3637	0	615
3638	0	612
3639	0	623
3640	0	694
3641	0	616
3642	0	634
3643	0	634
3644	0	739
3645	0	627
3646	0	721
3647	0	623
3648	0	631
3649	0	631
3650	0	717
3651	0	641
3652	0	623
3653	0	623
3654	0	698
3655	0	612
3656	0	612
3657	0	660
3658	0	706
3659	0	608
3660	0	612
3661	0	612
3662	0	706
3663	0	608
3664	0	612
3665	0	612
3666	0	713
3667	0	664
3668	0	619
3669	0	593
3670	0	691
3671	0	593
3672	0	593
3673	0	589
3674	0	686
3675	0	2950
3676	0	608
3677	0	589
3678	0	679
3679	0	619
3680	0	679
3681	0	585
3682	0	586
3683	0	608
3684	0	675
3685	0	581
3686	0	623
3687	0	586
3688	0	676
3689	0	600
3690	0	616
3691	0	634
3692	0	690
3693	0	597
3694	0	597
3695	0	623
3696	0	694
3697	0	601
3698	0	600
3699	0	597
3700	0	691
3701	0	600
3702	0	601
3703	0	600
3704	0	706
3705	0	634
3706	0	675
3707	0	650
3708	0	721
3709	0	612
3710	0	695
3711	0	612
3712	0	612
3713	0	611
3714	0	724
3715	0	642
3716	0	626
3717	0	630
3718	0	705
3719	0	627
3720	0	626
3721	0	627
3722	0	709
3723	0	631
3724	0	631
3725	0	631
3726	0	702
3727	0	623
3728	0	615
3729	0	619
3730	0	710
3731	0	616
3732	0	616
3733	0	615
3734	0	698
3735	0	3115
3736	0	626
3737	0	611
3738	0	728
3739	0	642
3740	0	664
3741	0	626
3742	0	705
3743	0	627
3744	0	701
3745	0	626
3746	0	653
3747	0	627
3748	0	746
3749	0	630
3750	0	653
3751	0	638
3752	0	709
3753	0	687
3754	0	627
3755	0	616
3756	0	717
3757	0	626
3758	0	630
3759	0	631
3760	0	706
3761	0	631
3762	0	645
3763	0	630
3764	0	721
3765	0	635
3766	0	630
3767	0	634
3768	0	725
3769	0	634
3770	0	638
3771	0	627
3772	0	717
3773	0	631
3774	0	705
3775	0	635
3776	0	672
3777	0	627
3778	0	788
3779	0	627
3780	0	634
3781	0	627
3782	0	713
3783	0	627
3784	0	615
3785	0	627
3786	0	732
3787	0	635
3788	0	687
3789	0	634
3790	0	751
3791	0	627
3792	0	635
3793	0	631
3794	0	725
3795	0	3265
3796	0	683
3797	0	657
3798	0	702
3799	0	616
3800	0	615
3801	0	615
3802	0	698
3803	0	615
3804	0	620
3805	0	612
3806	0	724
3807	0	616
3808	0	701
3809	0	615
3810	0	676
3811	0	623
3812	0	706
3813	0	653
3814	0	623
3815	0	620
3816	0	736
3817	0	660
3818	0	623
3819	0	619
3820	0	710
3821	0	619
3822	0	615
3823	0	623
3824	0	694
3825	0	627
3826	0	612
3827	0	619
3828	0	702
3829	0	616
3830	0	616
3831	0	623
3832	0	694
3833	0	616
3834	0	642
3835	0	623
3836	0	709
3837	0	664
3838	0	709
3839	0	630
3840	0	627
3841	0	619
3842	0	717
3843	0	623
3844	0	657
3845	0	3471
3846	0	833
3847	0	795
3848	0	732
3849	0	634
3850	0	721
3851	0	616
3852	0	630
3853	0	698
3854	0	739
3855	0	6128
3856	0	619
3857	0	616
3858	0	743
3859	0	638
3860	0	635
3861	0	634
3862	0	740
3863	0	649
3864	0	631
3865	0	630
3866	0	758
3867	0	630
3868	0	642
3869	0	638
3870	0	702
3871	0	619
3872	0	747
3873	0	615
3874	0	619
3875	0	619
3876	0	728
3877	0	656
3878	0	623
3879	0	623
3880	0	716
3881	0	623
3882	0	638
3883	0	642
3884	0	740
3885	0	634
3886	0	638
3887	0	638
3888	0	728
3889	0	630
3890	0	634
3891	0	672
3892	0	721
3893	0	634
3894	0	630
3895	0	623
3896	0	702
3897	0	623
3898	0	616
3899	0	623
3900	0	702
3901	0	620
3902	0	724
3903	0	627
3904	0	620
3905	0	619
3906	0	720
3907	0	634
3908	0	638
3909	0	634
3910	0	796
3911	0	646
3912	0	634
3913	0	638
3914	0	720
3915	0	634
3916	0	3419
3917	0	641
3918	0	871
3919	0	623
3920	0	646
3921	0	634
3922	0	728
3923	0	634
3924	0	634
3925	0	664
3926	0	751
3927	0	623
3928	0	660
3929	0	634
3930	0	754
3931	0	653
3932	0	638
3933	0	642
3934	0	747
3935	0	642
3936	0	747
3937	0	649
3938	0	642
3939	0	642
3940	0	777
3941	0	638
3942	0	634
3943	0	635
3944	0	739
3945	0	634
3946	0	630
3947	0	661
3948	0	728
3949	0	634
3950	0	630
3951	0	634
3952	0	728
3953	0	634
3954	0	649
3955	0	676
3956	0	747
3957	0	642
3958	0	641
3959	0	642
3960	0	743
3961	0	638
3962	0	642
3963	0	638
3964	0	743
3965	0	679
3966	0	735
3967	0	660
3968	0	631
3969	0	660
3970	0	732
3971	0	634
3972	0	634
3973	0	630
3974	0	740
3975	0	634
3976	0	3227
3977	0	660
3978	0	754
3979	0	642
3980	0	642
3981	0	641
3982	0	720
3983	0	638
3984	0	634
3985	0	631
3986	0	735
3987	0	635
3988	0	634
3989	0	630
3990	0	721
3991	0	623
3992	0	623
3993	0	623
3994	0	716
3995	0	623
3996	0	619
3997	0	623
3998	0	717
3999	0	623
4000	0	717
4001	0	623
4002	0	638
4003	0	638
4004	0	773
4005	0	634
4006	0	634
4007	0	634
4008	0	769
4009	0	635
4010	0	635
4011	0	631
4012	0	736
4013	0	631
4014	0	623
4015	0	623
4016	0	725
4017	0	631
4018	0	627
4019	0	623
4020	0	720
4021	0	630
4022	0	631
4023	0	619
4024	0	732
4025	0	623
4026	0	642
4027	0	646
4028	0	717
4029	0	638
4030	0	713
4031	0	646
4032	0	635
4033	0	638
4034	0	717
4035	0	635
4036	0	3322
4037	0	646
4038	0	717
4039	0	627
4040	0	623
4041	0	627
4042	0	732
4043	0	675
4044	0	630
4045	0	627
4046	0	713
4047	0	665
4048	0	630
4049	0	623
4050	0	732
4051	0	638
4052	0	653
4053	0	638
4054	0	724
4055	0	638
4056	0	635
4057	0	642
4058	0	713
4059	0	634
4060	0	635
4061	0	672
4062	0	2075
4063	0	668
4064	0	796
4065	0	627
4066	0	630
4067	0	683
4068	0	739
4069	0	638
4070	0	642
4071	0	623
4072	0	739
4073	0	743
4074	0	664
4075	0	653
4076	0	751
4077	0	650
4078	0	642
4079	0	698
4080	0	890
4081	0	645
4082	0	728
4083	0	646
4084	0	739
4085	0	653
4086	0	649
4087	0	642
4088	0	728
4089	0	646
4090	0	656
4091	0	646
4092	0	724
4093	0	679
4094	0	743
4095	0	687
4096	0	6545
4097	0	335898
4098	0	664
4099	0	642
4100	0	630
4101	0	631
4102	0	671
4103	0	630
4104	0	627
4105	0	638
4106	0	630
4107	0	634
4108	0	642
4109	0	642
4110	0	649
4111	0	619
4112	0	638
4113	0	638
4114	0	631
4115	0	627
4116	0	638
4117	0	646
4118	0	631
4119	0	623
4120	0	619
4121	0	627
4122	0	672
4123	0	649
4124	0	641
4125	0	649
4126	0	649
4127	0	650
4128	0	642
4129	0	638
4130	0	660
4131	0	649
4132	0	646
4133	0	645
4134	0	641
4135	0	638
4136	0	630
4137	0	642
4138	0	642
4139	0	642
4140	0	634
4141	0	623
4142	0	641
4143	0	634
4144	0	638
4145	0	653
4146	0	656
4147	0	642
4148	0	638
4149	0	657
4150	0	645
4151	0	642
4152	0	638
4153	0	646
4154	0	642
4155	0	641
4156	0	642
4157	0	2766
4158	0	645
4159	0	642
4160	0	634
4161	0	649
4162	0	634
4163	0	634
4164	0	635
4165	0	631
4166	0	631
4167	0	634
4168	0	642
4169	0	631
4170	0	649
4171	0	650
4172	0	631
4173	0	630
4174	0	645
4175	0	634
4176	0	635
4177	0	638
4178	0	634
4179	0	631
4180	0	634
4181	0	645
4182	0	627
4183	0	631
4184	0	630
4185	0	630
4186	0	626
4187	0	631
4188	0	627
4189	0	634
4190	0	631
4191	0	631
4192	0	630
4193	0	650
4194	0	728
4195	0	649
4196	0	653
4197	0	664
4198	0	634
4199	0	642
4200	0	634
4201	0	634
4202	0	634
4203	0	634
4204	0	631
4205	0	635
4206	0	630
4207	0	630
4208	0	631
4209	0	630
4210	0	630
4211	0	653
4212	0	653
4213	0	649
4214	0	631
4215	0	634
4216	0	616
4217	0	2646
4218	0	665
4219	0	626
4220	0	631
4221	0	627
4222	0	627
4223	0	627
4224	0	649
4225	0	630
4226	0	653
4227	0	661
4228	0	627
4229	0	623
4230	0	642
4231	0	646
4232	0	650
4233	0	623
4234	0	616
4235	0	679
4236	0	645
4237	0	623
4238	0	627
4239	0	619
4240	0	611
4241	0	612
4242	0	649
4243	0	638
4244	0	619
4245	0	630
4246	0	623
4247	0	619
4248	0	619
4249	0	619
4250	0	619
4251	0	627
4252	0	615
4253	0	627
4254	0	615
4255	0	616
4256	0	615
4257	0	612
4258	0	615
4259	0	615
4260	0	612
4261	0	615
4262	0	649
4263	0	623
4264	0	623
4265	0	631
4266	0	635
4267	0	630
4268	0	623
4269	0	656
4270	0	657
4271	0	638
4272	0	646
4273	0	627
4274	0	619
4275	0	627
4276	0	664
4277	0	2529
4278	0	631
4279	0	690
4280	0	612
4281	0	649
4282	0	623
4283	0	623
4284	0	623
4285	0	623
4286	0	631
4287	0	653
4288	0	642
4289	0	619
4290	0	642
4291	0	646
4292	0	657
4293	0	720
4294	0	657
4295	0	646
4296	0	646
4297	0	642
4298	0	641
4299	0	649
4300	0	650
4301	0	672
4302	0	634
4303	0	638
4304	0	627
4305	0	634
4306	0	630
4307	0	623
4308	0	623
4309	0	631
4310	0	634
4311	0	732
4312	0	646
4313	0	630
4314	0	641
4315	0	656
4316	0	642
4317	0	638
4318	0	645
4319	0	642
4320	0	641
4321	0	641
4322	0	642
4323	0	642
4324	0	638
4325	0	642
4326	0	641
4327	0	631
4328	0	638
4329	0	638
4330	0	646
4331	0	641
4332	0	649
4333	0	642
4334	0	642
4335	0	634
4336	0	627
4337	0	2856
4338	0	661
4339	0	642
4340	0	642
4341	0	638
4342	0	630
4343	0	634
4344	0	638
4345	0	634
4346	0	638
4347	0	635
4348	0	635
4349	0	630
4350	0	631
4351	0	619
4352	0	620
4353	0	646
4354	0	616
4355	0	615
4356	0	623
4357	0	616
4358	0	702
4359	0	616
4360	0	616
4361	0	616
4362	0	634
4363	0	630
4364	0	626
4365	0	646
4366	0	717
4367	0	635
4368	0	631
4369	0	626
4370	0	630
4371	0	630
4372	0	736
4373	0	623
4374	0	713
4375	0	619
4376	0	619
4377	0	616
4378	0	619
4379	0	645
4380	0	713
4381	0	634
4382	0	623
4383	0	635
4384	0	769
4385	0	634
4386	0	837
4387	0	634
4388	0	634
4389	0	634
4390	0	638
4391	0	638
4392	0	630
4393	0	634
4394	0	634
4395	0	634
4396	0	635
4397	0	634
4398	0	2713
4399	0	638
4400	0	638
4401	0	634
4402	0	634
4403	0	638
4404	0	634
4405	0	634
4406	0	713
4407	0	619
4408	0	649
4409	0	620
4410	0	780
4411	0	638
4412	0	806
4413	0	676
4414	0	676
4415	0	676
4416	0	668
4417	0	679
4418	0	660
4419	0	668
4420	0	676
4421	0	679
4422	0	780
4423	0	661
4424	0	657
4425	0	656
4426	0	645
4427	0	641
4428	0	754
4429	0	642
4430	0	653
4431	0	649
4432	0	653
4433	0	653
4434	0	750
4435	0	672
4436	0	672
4437	0	676
4438	0	755
4439	0	672
4440	0	672
4441	0	664
4442	0	758
4443	0	679
4444	0	683
4445	0	661
4446	0	743
4447	0	649
4448	0	758
4449	0	668
4450	0	657
4451	0	653
4452	0	649
4453	0	675
4454	0	661
4455	0	645
4456	0	751
4457	0	653
4458	0	3227
4459	0	671
4460	0	675
4461	0	679
4462	0	679
4463	0	679
4464	0	671
4465	0	683
4466	0	777
4467	0	713
4468	0	754
4469	0	675
4470	0	664
4471	0	664
4472	0	743
4473	0	642
4474	0	646
4475	0	653
4476	0	668
4477	0	649
4478	0	747
4479	0	699
4480	0	660
4481	0	649
4482	0	773
4483	0	675
4484	0	680
4485	0	683
4486	0	665
4487	0	672
4488	0	736
4489	0	672
4490	0	788
4491	0	679
4492	0	676
4493	0	679
4494	0	743
4495	0	642
4496	0	672
4497	0	641
4498	0	660
4499	0	646
4500	0	743
4501	0	653
4502	0	777
4503	0	653
4504	0	653
4505	0	653
4506	0	755
4507	0	668
4508	0	747
4509	0	668
4510	0	765
4511	0	668
4512	0	672
4513	0	683
4514	0	750
4515	0	672
4516	0	657
4517	0	668
4518	0	2984
4519	0	653
4520	0	735
4521	0	656
4522	0	649
4523	0	653
4524	0	686
4525	0	668
4526	0	758
4527	0	657
4528	0	744
4529	0	638
4530	0	683
4531	0	664
4532	0	754
4533	0	668
4534	0	675
4535	0	672
4536	0	758
4537	0	668
4538	0	672
4539	0	671
4540	0	750
4541	0	675
4542	0	668
4543	0	657
4544	0	740
4545	0	664
4546	0	758
4547	0	661
4548	0	661
4549	0	668
4550	0	751
4551	0	657
4552	0	660
4553	0	660
4554	0	777
4555	0	679
4556	0	683
4557	0	676
4558	0	679
4559	0	675
4560	0	759
4561	0	675
4562	0	769
4563	0	672
4564	0	683
4565	0	668
4566	0	743
4567	0	657
4568	0	661
4569	0	660
4570	0	661
4571	0	661
4572	0	660
4573	0	657
4574	0	754
4575	0	661
4576	0	739
4577	0	661
4578	0	2965
4579	0	702
4580	0	795
4581	0	694
4582	0	675
4583	0	710
4584	0	672
4585	0	664
4586	0	758
4587	0	668
4588	0	762
4589	0	672
4590	0	645
4591	0	649
4592	0	754
4593	0	657
4594	0	653
4595	0	657
4596	0	653
4597	0	660
4598	0	750
4599	0	653
4600	0	750
4601	0	653
4602	0	672
4603	0	672
4604	0	751
4605	0	671
4606	0	758
4607	0	672
4608	0	672
4609	0	675
4610	0	672
4611	0	672
4612	0	754
4613	0	672
4614	0	739
4615	0	653
4616	0	665
4617	0	657
4618	0	746
4619	0	664
4620	0	657
4621	0	657
4622	0	657
4623	0	657
4624	0	657
4625	0	657
4626	0	676
4627	0	672
4628	0	766
4629	0	672
4630	0	675
4631	0	671
4632	0	758
4633	0	683
4634	0	762
4635	0	672
4636	0	676
4637	0	680
4638	0	788
4639	0	2814
4640	0	657
4641	0	694
4642	0	656
4643	0	23145
4644	0	766
4645	0	634
4646	0	642
4647	0	638
4648	0	724
4649	0	638
4650	0	855
4651	0	660
4652	0	728
4653	0	650
4654	0	649
4655	0	698
4656	0	747
4657	0	646
4658	0	657
4659	0	649
4660	0	724
4661	0	646
4662	0	642
4663	0	646
4664	0	736
4665	0	650
4666	0	642
4667	0	638
4668	0	762
4669	0	642
4670	0	721
4671	0	721
4672	0	642
4673	0	635
4674	0	740
4675	0	664
4676	0	776
4677	0	646
4678	0	724
4679	0	646
4680	0	649
4681	0	668
4682	0	732
4683	0	653
4684	0	698
4685	0	705
4686	0	732
4687	0	641
4688	0	634
4689	0	641
4690	0	725
4691	0	642
4692	0	626
4693	0	642
4694	0	709
4695	0	649
4696	0	642
4697	0	638
4698	0	739
4699	0	9323
4700	0	645
4701	0	634
4702	0	740
4703	0	623
4704	0	724
4705	0	619
4706	0	623
4707	0	623
4708	0	702
4709	0	623
4710	0	623
4711	0	631
4712	0	705
4713	0	631
4714	0	623
4715	0	631
4716	0	705
4717	0	627
4718	0	623
4719	0	631
4720	0	706
4721	0	630
4722	0	641
4723	0	642
4724	0	720
4725	0	627
4726	0	638
4727	0	627
4728	0	713
4729	0	627
4730	0	631
4731	0	623
4732	0	717
4733	0	627
4734	0	709
4735	0	641
4736	0	638
4737	0	646
4738	0	721
4739	0	642
4740	0	642
4741	0	645
4742	0	713
4743	0	642
4744	0	638
4745	0	634
4746	0	735
4747	0	635
4748	0	635
4749	0	630
4750	0	717
4751	0	634
4752	0	627
4753	0	630
4754	0	709
4755	0	634
4756	0	627
4757	0	623
4758	0	720
4759	0	3220
4760	0	650
4761	0	626
4762	0	746
4763	0	623
4764	0	623
4765	0	627
4766	0	706
4767	0	623
4768	0	706
4769	0	623
4770	0	653
4771	0	620
4772	0	701
4773	0	623
4774	0	619
4775	0	623
4776	0	698
4777	0	623
4778	0	623
4779	0	619
4780	0	777
4781	0	619
4782	0	634
4783	0	627
4784	0	713
4785	0	627
4786	0	661
4787	0	627
4788	0	716
4789	0	623
4790	0	623
4791	0	623
4792	0	717
4793	0	626
4794	0	634
4795	0	616
4796	0	698
4797	0	626
4798	0	701
4799	0	620
4800	0	623
4801	0	638
4802	0	698
4803	0	619
4804	0	620
4805	0	627
4806	0	713
4807	0	623
4808	0	631
4809	0	631
4810	0	709
4811	0	623
4812	0	631
4813	0	623
4814	0	709
4815	0	627
4816	0	627
4817	0	623
4818	0	706
4819	0	3156
4820	0	630
4821	0	619
4822	0	728
4823	0	627
4824	0	623
4825	0	619
4826	0	720
4827	0	623
4828	0	623
4829	0	626
4830	0	743
4831	0	626
4832	0	713
4833	0	626
4834	0	631
4835	0	627
4836	0	721
4837	0	623
4838	0	626
4839	0	623
4840	0	709
4841	0	623
4842	0	623
4843	0	642
4844	0	706
4845	0	634
4846	0	619
4847	0	631
4848	0	706
4849	0	634
4850	0	619
4851	0	619
4852	0	702
4853	0	641
4854	0	623
4855	0	631
4856	0	848
4857	0	623
4858	0	631
4859	0	627
4860	0	789
4861	0	638
4862	0	701
4863	0	623
4864	0	627
4865	0	653
4866	0	713
4867	0	623
4868	0	630
4869	0	619
4870	0	702
4871	0	619
4872	0	627
4873	0	619
4874	0	713
4875	0	620
4876	0	623
4877	0	620
4878	0	713
4879	0	3242
4880	0	626
4881	0	2244
4882	0	773
4883	0	672
4884	0	642
4885	0	646
4886	0	750
4887	0	646
4888	0	649
4889	0	646
4890	0	799
4891	0	653
4892	0	728
4893	0	660
4894	0	724
4895	0	683
4896	0	725
4897	0	646
4898	0	646
4899	0	641
4900	0	721
4901	0	642
4902	0	642
4903	0	646
4904	0	720
4905	0	642
4906	0	649
4907	0	642
4908	0	724
4909	0	645
4910	0	656
4911	0	698
4912	0	751
4913	0	634
4914	0	773
4915	0	661
4916	0	736
4917	0	630
4918	0	656
4919	0	634
4920	0	717
4921	0	641
4922	0	638
4923	0	641
4924	0	732
4925	0	642
4926	0	717
4927	0	676
4928	0	627
4929	0	622
4930	0	725
4931	0	773
4932	0	631
4933	0	649
4934	0	736
4935	0	675
4936	0	627
4937	0	623
4938	0	720
4939	0	638
4940	0	4924
4941	0	646
4942	0	736
4943	0	634
4944	0	627
4945	0	638
4946	0	709
4947	0	626
4948	0	627
4949	0	630
4950	0	709
4951	0	635
4952	0	619
4953	0	627
4954	0	721
4955	0	627
4956	0	623
4957	0	623
4958	0	721
4959	0	664
4960	0	717
4961	0	619
4962	0	634
4963	0	638
4964	0	761
4965	0	627
4966	0	724
4967	0	638
4968	0	788
4969	0	645
4970	0	641
4971	0	645
4972	0	780
4973	0	650
4974	0	630
4975	0	631
4976	0	754
4977	0	627
4978	0	721
4979	0	634
4980	0	717
4981	0	631
4982	0	630
4983	0	634
4984	0	773
4985	0	626
4986	0	747
4987	0	642
4988	0	758
4989	0	641
4990	0	795
4991	0	665
4992	0	638
4993	0	694
4994	0	762
4995	0	650
4996	0	657
4997	0	649
4998	0	788
4999	0	646
5000	0	4012
5001	0	660
5002	0	739
5003	0	638
5004	0	769
5005	0	656
5006	0	754
5007	0	638
5008	0	638
5009	0	635
5010	0	731
5011	0	664
5012	0	642
5013	0	649
5014	0	724
5015	0	642
5016	0	641
5017	0	642
5018	0	731
5019	0	642
5020	0	649
5021	0	638
5022	0	721
5023	0	638
5024	0	724
5025	0	638
5026	0	635
5027	0	634
5028	0	720
5029	0	638
5030	0	638
5031	0	634
5032	0	729
5033	0	634
5034	0	680
5035	0	657
5036	0	736
5037	0	645
5038	0	653
5039	0	664
5040	0	803
5041	0	641
5042	0	755
5043	0	653
5044	0	728
5045	0	642
5046	0	638
5047	0	642
5048	0	743
5049	0	642
5050	0	634
5051	0	661
5052	0	746
5053	0	638
5054	0	736
5055	0	672
5056	0	645
5057	0	635
5058	0	777
5059	0	664
5060	0	3817
5061	0	657
5062	0	740
5063	0	642
5064	0	653
5065	0	642
5066	0	725
5067	0	668
5068	0	664
5069	0	638
5070	0	721
5071	0	679
5072	0	634
5073	0	641
5074	0	732
5075	0	645
5076	0	634
5077	0	642
5078	0	724
5079	0	638
5080	0	657
5081	0	660
5082	0	773
5083	0	654
5084	0	646
5085	0	664
5086	0	841
5087	0	642
5088	0	735
5089	0	660
5090	0	642
5091	0	646
5092	0	758
5093	0	642
5094	0	641
5095	0	646
5096	0	728
5097	0	646
5098	0	657
5099	0	653
5100	0	740
5101	0	683
5102	0	679
5103	0	661
5104	0	773
5105	0	649
5106	0	739
5107	0	653
5108	0	724
5109	0	642
5110	0	642
5111	0	642
5112	0	795
5113	0	660
5114	0	656
5115	0	649
5116	0	716
5117	0	664
5118	0	736
5119	0	634
5120	0	4076
5121	0	634
5122	0	691
5123	0	616
5124	0	668
5125	0	619
5126	0	695
5127	0	615
5128	0	615
5129	0	623
5130	0	755
5131	0	630
5132	0	627
5133	0	638
5134	0	713
5135	0	627
5136	0	626
5137	0	638
5138	0	716
5139	0	630
5140	0	630
5141	0	634
5142	0	705
5143	0	616
5144	0	611
5145	0	611
5146	0	706
5147	0	612
5148	0	612
5149	0	615
5150	0	698
5151	0	612
5152	0	702
5153	0	619
5154	0	638
5155	0	5345
5156	0	766
5157	0	646
5158	0	638
5159	0	642
5160	0	721
5161	0	631
5162	0	635
5163	0	631
5164	0	739
5165	0	634
5166	0	641
5167	0	638
5168	0	811
5169	0	634
5170	0	728
5171	0	630
5172	0	736
5173	0	641
5174	0	634
5175	0	623
5176	0	728
5177	0	635
5178	0	649
5179	0	634
5180	0	721
5181	0	3366
5182	0	743
5183	0	627
5184	0	626
5185	0	627
5186	0	713
5187	0	638
5188	0	627
5189	0	646
5190	0	695
5191	0	635
5192	0	619
5193	0	616
5194	0	724
5195	0	626
5196	0	611
5197	0	612
5198	0	699
5199	0	612
5200	0	611
5201	0	616
5202	0	713
5203	0	638
5204	0	627
5205	0	619
5206	0	717
5207	0	638
5208	0	626
5209	0	623
5210	0	713
5211	0	623
5212	0	630
5213	0	623
5214	0	735
5215	0	615
5216	0	706
5217	0	611
5218	0	612
5219	0	616
5220	0	725
5221	0	635
5222	0	702
5223	0	615
5224	0	702
5225	0	630
5226	0	634
5227	0	653
5228	0	706
5229	0	623
5230	0	627
5231	0	709
5232	0	754
5233	0	676
5234	0	676
5235	0	675
5236	0	751
5237	0	680
5238	0	649
5239	0	653
5240	0	747
5241	0	3269
5242	0	656
5243	0	642
5244	0	736
5245	0	649
5246	0	732
5247	0	653
5248	0	653
5249	0	649
5250	0	750
5251	0	698
5252	0	668
5253	0	672
5254	0	758
5255	0	675
5256	0	665
5257	0	675
5258	0	747
5259	0	653
5260	0	672
5261	0	668
5262	0	747
5263	0	645
5264	0	646
5265	0	634
5266	0	728
5267	0	641
5268	0	649
5269	0	653
5270	0	724
5271	0	650
5272	0	638
5273	0	649
5274	0	920
5275	0	676
5276	0	668
5277	0	668
5278	0	773
5279	0	657
5280	0	747
5281	0	672
5282	0	683
5283	0	694
5284	0	829
5285	0	675
5286	0	672
5287	0	642
5288	0	773
5289	0	653
5290	0	650
5291	0	638
5292	0	736
5293	0	654
5294	0	638
5295	0	650
5296	0	736
5297	0	653
5298	0	679
5299	0	668
5300	0	743
5301	0	3314
5302	0	679
5303	0	698
5304	0	774
5305	0	683
5306	0	679
5307	0	683
5308	0	788
5309	0	683
5310	0	766
5311	0	660
5312	0	668
5313	0	665
5314	0	751
5315	0	665
5316	0	664
5317	0	661
5318	0	735
5319	0	665
5320	0	664
5321	0	649
5322	0	776
5323	0	702
5324	0	683
5325	0	683
5326	0	781
5327	0	683
5328	0	773
5329	0	683
5330	0	788
5331	0	679
5332	0	676
5333	0	687
5334	0	765
5335	0	664
5336	0	660
5337	0	665
5338	0	803
5339	0	665
5340	0	766
5341	0	664
5342	0	788
5343	0	2342
5344	0	834
5345	0	691
5346	0	785
5347	0	661
5348	0	754
5349	0	664
5350	0	660
5351	0	671
5352	0	800
5353	0	657
5354	0	759
5355	0	653
5356	0	754
5357	0	656
5358	0	664
5359	0	732
5360	0	792
5361	0	8940
5362	0	739
5363	0	649
5364	0	732
5365	0	686
5366	0	653
5367	0	645
5368	0	905
5369	0	650
5370	0	762
5371	0	661
5372	0	747
5373	0	649
5374	0	773
5375	0	649
5376	0	683
5377	0	649
5378	0	747
5379	0	649
5380	0	695
5381	0	649
5382	0	758
5383	0	649
5384	0	675
5385	0	660
5386	0	784
5387	0	645
5388	0	649
5389	0	701
5390	0	747
5391	0	649
5392	0	649
5393	0	661
5394	0	774
5395	0	660
5396	0	653
5397	0	649
5398	0	758
5399	0	645
5400	0	653
5401	0	649
5402	0	758
5403	0	646
5404	0	650
5405	0	649
5406	0	751
5407	0	649
5408	0	755
5409	0	649
5410	0	649
5411	0	653
5412	0	758
5413	0	649
5414	0	686
5415	0	650
5416	0	747
5417	0	653
5418	0	668
5419	0	672
5420	0	882
5421	0	649
5422	0	3175
5423	0	665
5424	0	755
5425	0	642
5426	0	642
5427	0	646
5428	0	735
5429	0	642
5430	0	642
5431	0	646
5432	0	777
5433	0	642
5434	0	642
5435	0	642
5436	0	728
5437	0	672
5438	0	725
5439	0	642
5440	0	642
5441	0	638
5442	0	762
5443	0	653
5444	0	642
5445	0	672
5446	0	740
5447	0	642
5448	0	646
5449	0	672
5450	0	751
5451	0	641
5452	0	646
5453	0	642
5454	0	747
5455	0	642
5456	0	642
5457	0	679
5458	0	747
5459	0	642
5460	0	642
5461	0	638
5462	0	811
5463	0	642
5464	0	641
5465	0	634
5466	0	735
5467	0	660
5468	0	641
5469	0	676
5470	0	777
5471	0	642
5472	0	736
5473	0	675
5474	0	638
5475	0	668
5476	0	747
5477	0	642
5478	0	642
5479	0	641
5480	0	721
5481	0	638
5482	0	3407
5483	0	645
5484	0	743
5485	0	665
5486	0	642
5487	0	649
5488	0	736
5489	0	638
5490	0	653
5491	0	653
5492	0	740
5493	0	638
5494	0	638
5495	0	638
5496	0	732
5497	0	638
5498	0	638
5499	0	638
5500	0	732
5501	0	638
5502	0	735
5503	0	638
5504	0	638
5505	0	649
5506	0	728
5507	0	634
5508	0	631
5509	0	634
5510	0	725
5511	0	638
5512	0	619
5513	0	649
5514	0	754
5515	0	657
5516	0	638
5517	0	638
5518	0	740
5519	0	634
5520	0	638
5521	0	638
5522	0	717
5523	0	634
5524	0	638
5525	0	634
5526	0	740
5527	0	635
5528	0	634
5529	0	635
5530	0	739
5531	0	634
5532	0	634
5533	0	634
5534	0	739
5535	0	635
5536	0	735
5537	0	638
5538	0	649
5539	0	657
5540	0	740
5541	0	634
5542	0	3156
5543	0	661
5544	0	755
5545	0	638
5546	0	638
5547	0	638
5548	0	736
5549	0	638
5550	0	638
5551	0	634
5552	0	743
5553	0	638
5554	0	635
5555	0	638
5556	0	728
5557	0	638
5558	0	634
5559	0	631
5560	0	721
5561	0	626
5562	0	649
5563	0	653
5564	0	720
5565	0	724
5566	0	716
5567	0	638
5568	0	635
5569	0	653
5570	0	751
5571	0	634
5572	0	731
5573	0	649
5574	0	717
5575	0	630
5576	0	627
5577	0	649
5578	0	751
5579	0	634
5580	0	627
5581	0	2274
5582	0	740
5583	0	646
5584	0	634
5585	0	637
5586	0	751
5587	0	661
5588	0	635
5589	0	634
5590	0	721
5591	0	634
5592	0	630
5593	0	634
5594	0	728
5595	0	635
5596	0	634
5597	0	634
5598	0	732
5599	0	702
5600	0	724
5601	0	642
5602	0	4379
5603	0	649
5604	0	818
5605	0	638
5606	0	638
5607	0	638
5608	0	717
5609	0	646
5610	0	664
5611	0	664
5612	0	728
5613	0	638
5614	0	650
5615	0	646
5616	0	728
5617	0	642
5618	0	642
5619	0	642
5620	0	725
5621	0	641
5622	0	638
5623	0	642
5624	0	728
5625	0	627
5626	0	638
5627	0	631
5628	0	725
5629	0	641
5630	0	713
5631	0	642
5632	0	627
5633	0	626
5634	0	736
5635	0	654
5636	0	653
5637	0	664
5638	0	728
5639	0	641
5640	0	641
5641	0	638
5642	0	724
5643	0	638
5644	0	642
5645	0	664
5646	0	724
5647	0	646
5648	0	638
5649	0	642
5650	0	728
5651	0	641
5652	0	642
5653	0	645
5654	0	724
5655	0	645
5656	0	638
5657	0	638
5658	0	750
5659	0	657
5660	0	645
5661	0	641
5662	0	736
5663	0	3112
5664	0	834
5665	0	626
5666	0	623
5667	0	623
5668	0	709
5669	0	638
5670	0	649
5671	0	623
5672	0	713
5673	0	619
5674	0	612
5675	0	619
5676	0	698
5677	0	612
5678	0	620
5679	0	615
5680	0	702
5681	0	608
5682	0	630
5683	0	631
5684	0	705
5685	0	619
5686	0	623
5687	0	645
5688	0	705
5689	0	620
5690	0	623
5691	0	615
5692	0	705
5693	0	616
5694	0	698
5695	0	616
5696	0	612
5697	0	611
5698	0	694
5699	0	612
5700	0	615
5701	0	611
5702	0	705
5703	0	612
5704	0	616
5705	0	616
5706	0	709
5707	0	631
5708	0	626
5709	0	615
5710	0	702
5711	0	619
5712	0	619
5713	0	619
5714	0	701
5715	0	627
5716	0	619
5717	0	627
5718	0	694
5719	0	623
5720	0	611
5721	0	616
5722	0	702
5723	0	2785
5724	0	619
5725	0	619
5726	0	698
5727	0	615
5728	0	701
5729	0	619
5730	0	631
5731	0	631
5732	0	702
5733	0	619
5734	0	615
5735	0	623
5736	0	702
5737	0	611
5738	0	630
5739	0	615
5740	0	698
5741	0	615
5742	0	612
5743	0	612
5744	0	702
5745	0	608
5746	0	623
5747	0	612
5748	0	694
5749	0	612
5750	0	608
5751	0	608
5752	0	686
5753	0	616
5754	0	630
5755	0	627
5756	0	706
5757	0	620
5758	0	702
5759	0	616
5760	0	660
5761	0	631
5762	0	713
5763	0	627
5764	0	668
5765	0	649
5766	0	694
5767	0	622
5768	0	608
5769	0	619
5770	0	691
5771	0	616
5772	0	608
5773	0	615
5774	0	706
5775	0	627
5776	0	623
5777	0	623
5778	0	721
5779	0	645
5780	0	631
5781	0	634
5782	0	720
5783	0	2969
5784	0	649
5785	0	622
5786	0	728
5787	0	638
5788	0	627
5789	0	668
5790	0	698
5791	0	615
5792	0	698
5793	0	608
5794	0	608
5795	0	623
5796	0	694
5797	0	619
5798	0	664
5799	0	627
5800	0	705
5801	0	616
5802	0	638
5803	0	664
5804	0	728
5805	0	623
5806	0	627
5807	0	623
5808	0	701
5809	0	619
5810	0	626
5811	0	620
5812	0	705
5813	0	623
5814	0	619
5815	0	623
5816	0	710
5817	0	615
5818	0	615
5819	0	612
5820	0	694
5821	0	615
5822	0	695
5823	0	616
5824	0	616
5825	0	619
5826	0	717
5827	0	638
5828	0	619
5829	0	627
5830	0	706
5831	0	671
5832	0	627
5833	0	623
5834	0	724
5835	0	620
5836	0	623
5837	0	619
5838	0	709
5839	0	623
5840	0	615
5841	0	615
5842	0	691
5843	0	2920
5844	0	623
5845	0	611
5846	0	714
5847	0	615
5848	0	612
5849	0	657
5850	0	717
5851	0	630
5852	0	631
5853	0	620
5854	0	766
5855	0	620
5856	0	705
5857	0	627
5858	0	623
5859	0	620
5860	0	702
5861	0	623
5862	0	619
5863	0	623
5864	0	694
5865	0	615
5866	0	619
5867	0	615
5868	0	695
5869	0	620
5870	0	620
5871	0	619
5872	0	698
5873	0	615
5874	0	634
5875	0	634
5876	0	755
5877	0	664
5878	0	627
5879	0	619
5880	0	710
5881	0	623
5882	0	634
5883	0	631
5884	0	705
5885	0	627
5886	0	714
5887	0	630
5888	0	615
5889	0	616
5890	0	717
5891	0	623
5892	0	619
5893	0	616
5894	0	751
5895	0	631
5896	0	626
5897	0	657
5898	0	814
5899	0	649
5900	0	631
5901	0	630
5902	0	713
5903	0	4414
5904	0	653
5905	0	627
5906	0	732
5907	0	635
5908	0	634
5909	0	630
5910	0	2147
5911	0	672
5912	0	634
5913	0	630
5914	0	709
5915	0	638
5916	0	631
5917	0	650
5918	0	754
5919	0	691
5920	0	728
5921	0	630
5922	0	649
5923	0	668
5924	0	860
5925	0	642
5926	0	638
5927	0	649
5928	0	720
5929	0	672
5930	0	687
5931	0	650
5932	0	747
5933	0	638
5934	0	744
5935	0	690
5936	0	728
5937	0	649
5938	0	649
5939	0	634
5940	0	731
5941	0	645
5942	0	646
5943	0	634
5944	0	743
5945	0	645
5946	0	664
5947	0	721
5948	0	799
5949	0	649
5950	0	739
5951	0	694
5952	0	653
5953	0	657
5954	0	822
5955	0	642
5956	0	814
5957	0	641
5958	0	762
5959	0	657
5960	0	769
5961	0	634
5962	0	770
5963	0	747
5964	0	29556
5965	0	683
5966	0	751
5967	0	634
5968	0	717
5969	0	627
5970	0	799
5971	0	676
5972	0	736
5973	0	646
5974	0	758
5975	0	638
5976	0	732
5977	0	638
5978	0	735
5979	0	668
5980	0	634
5981	0	642
5982	0	724
5983	0	630
5984	0	755
5985	0	638
5986	0	634
5987	0	623
5988	0	728
5989	0	641
5990	0	720
5991	0	623
5992	0	758
5993	0	630
5994	0	766
5995	0	660
5996	0	732
5997	0	642
5998	0	646
5999	0	646
6000	0	747
6001	0	664
6002	0	630
6003	0	630
6004	0	713
6005	0	631
6006	0	627
6007	0	638
6008	0	751
6009	0	634
6010	0	631
6011	0	630
6012	0	725
6013	0	634
6014	0	724
6015	0	630
6016	0	634
6017	0	642
6018	0	728
6019	0	631
6020	0	631
6021	0	630
6022	0	736
6023	0	631
6024	0	3250
6025	0	653
6026	0	754
6027	0	623
6028	0	620
6029	0	615
6030	0	728
6031	0	615
6032	0	608
6033	0	612
6034	0	701
6035	0	608
6036	0	615
6037	0	611
6038	0	702
6039	0	638
6040	0	615
6041	0	612
6042	0	758
6043	0	630
6044	0	623
6045	0	616
6046	0	713
6047	0	642
6048	0	702
6049	0	616
6050	0	623
6051	0	642
6052	0	784
6053	0	630
6054	0	709
6055	0	615
6056	0	698
6057	0	612
6058	0	612
6059	0	634
6060	0	754
6061	0	608
6062	0	721
6063	0	611
6064	0	705
6065	0	612
6066	0	631
6067	0	616
6068	0	717
6069	0	615
6070	0	623
6071	0	623
6072	0	702
6073	0	627
6074	0	627
6075	0	631
6076	0	758
6077	0	630
6078	0	747
6079	0	627
6080	0	616
6081	0	634
6082	0	743
6083	0	630
6084	0	3513
6085	0	635
6086	0	698
6087	0	657
6088	0	619
6089	0	615
6090	0	743
6091	0	657
6092	0	626
6093	0	638
6094	0	717
6095	0	642
6096	0	623
6097	0	634
6098	0	777
6099	0	638
6100	0	720
6101	0	650
6102	0	701
6103	0	630
6104	0	635
6105	0	645
6106	0	721
6107	0	634
6108	0	661
6109	0	626
6110	0	754
6111	0	735
6112	0	716
6113	0	635
6114	0	646
6115	0	646
6116	0	713
6117	0	631
6118	0	634
6119	0	627
6120	0	717
6121	0	631
6122	0	657
6123	0	645
6124	0	773
6125	0	634
6126	0	777
6127	0	683
6128	0	720
6129	0	634
6130	0	630
6131	0	631
6132	0	751
6133	0	656
6134	0	691
6135	0	631
6136	0	826
6137	0	634
