184
242
238
247
311
309
318
308
324
312
370
374
402
369
407
412
471
437
497
451
556
571
576
632
652
717
721
671
720
738
739
817
740
746
805
898
884
977
981
990
960
1047
955
1056
964
970
1032
1141
1152
1223
1228
1116
1232
1243
1295
1303
1305
1200
1198
1403
1461
1463
1316
1324
1327
1474
1479
1533
1538
1548
1553
1557
1398
1567
1632
1646
1653
1712
1510
1713
1716
1715
1723
1727
1793
1819
1650
1887
1893
1893
1712
1970
1719
2047
1791
1855
1858
2217
2244
2302
1996
2306
2001
2003
2065
2072
2072
2074
2383
2074
2077
2446
2135
2144
2147
2140
2469
2152
2524
2532
2207
2544
2211
2265
2609
2611
2614
2263
2268
2271
2275
2339
2340
2343
2714
2353
2358
2410
2793
2798
2409
2412
2806
2868
2876
2876
2537
2936
2542
2547
2946
2550
3007
3011
3013
3023
2608
3030
3088
3098
2674
2679
3103
3108
2678
2683
3178
3185
2738
3194
3199
3257
3260
3274
3323
2885
3332
3333
2889
3342
2899
2910
3416
3420
3429
3498
3500
3049
3505
3054
3510
3516
3521
3580
3130
3129
3589
3132
3137
3192
3673
3682
3687
3208
3218
3277
3270
3274
3281
3779
3824
3834
3838
3840
3845
3357
3365
3906
3429
3432
3921
3922
3929
3433
3994
4003
3496
4012
4075
3560
4091
4095
4095
4099
4157
3646
3649
4181
3720
3722
3727
4254
3731
3792
4321
3795
4338
3810
4341
4399
4397
4406
3882
4425
4483
4486
4489
3951
4010
4016
4018
4020
4025
4644
4080
4649
4087
4660
4664
4720
4140
4134
4737
4142
4790
4792
4204
4212
4216
4879
4885
4893
4307
4966
4365
4370
4970
4375
4380
4973
4385
4988
4386
4993
4441
5059
5077
4456
5137
4515
5145
5151
4531
4536
5214
4593
4607
5227
5227
5231
4673
5299
5321
4682
4738
5396
4745
5403
4812
5457
5462
5469
5471
5481
4896
5540
5541
4895
4877
5547
4880
4942
4947
4952
4953
5635
4955
5640
5018
5702
5705
5019
5709
5714
5773
5099
5791
5107
5795
5168
5172
5245
5942
5247
5241
6013
5316
5318
5323
6020
6023
5326
5331
6033
5390
6175
6185
6195
5464
5520
5527
5536
5540
6294
6353
6353
6358
6363
6368
5604
5616
6442
6444
6455
5676
5675
5681
5737
6533
5742
6542
6552
6611
5820
5825
5816
5816
5898
6703
5905
5909
6706
6763
5977
5985
5990
6854
6061
6064
6869
6067
6867
6933
6127
6942
6946
6131
6198
6203
7030
7037
6220
6277
6304
6305
6364
7192
6365
7208
6379
7271
6444
7281
6457
6462
7284
7293
7356
6526
6526
7360
6537
7372
7376
6597
6594
6670
6676
6686
7537
7538
7543
7604
7608
7612
6753
7679
6831
6829
7706
6828
7714
6890
7785
6894
7790
6898
7800
6955
7883
7951
7042
7951
7964
7104
8045
8129
8141
7251
7256
7265
8280
7310
8298
8301
7398
8359
8364
7397
8369
8441
7462
8455
8475
8536
8541
8545
8552
8612
8614
7593
8624
7594
7598
8700
8699
8702
7673
7664
7664
7727
7726
8786
7734
8794
8802
8856
8861
8865
8868
7792
7796
7799
8874
7848
8945
7851
8954
9002
7910
9019
7915
9011
9019
7924
9029
9080
7984
9098
7992
9115
8057
9178
8060
9185
8067
8072
9259
9264
9260
9265
8148
8153
9347
8208
9372
9441
9458
8269
9462
9530
8343
8351
9538
9543
9547
8424
8427
8437
9620
8448
8503
9690
9709
9714
9777
8571
9785
9792
8585
8646
8651
8656
9891
9949
8730
9959
8735
9968
8751
10033
8812
10099
8890
8892
10131
8961
10197
8961
10200
10204
10213
8973
8976
10278
10283
9034
10284
10289
9040
9044
10299
9097
9101
10372
9110
9115
10452
9197
10473
9209
10537
9258
10546
10550
10554
9262
10554
10616
9319
10626
9322
9325
9325
10627
9386
10700
9388
9394
10703
9401
10715
10774
9462
9480
9485
9489
10846
10860
10862
9562
10869
10866
10875
9573
10930
9629
10931
10936
10951
11013
9713
11022
9719
11026
11031
9777
11093
11104
9767
9770
9775
9774
11179
9825
9822
11188
9830
9840
9896
9898
11285
9899
9908
11291
9968
11352
11357
9981
9990
11376
10046
11441
11446
11453
10116
10125
10127
11535
10184
11614
11623
10257
10262
10262
11699
11703
10270
11762
11775
11776
10336
10317
11851
10373
11853
11856
10374
10437
11929
10447
10452
11954
10463
10528
10532
12024
10540
10534
12099
10598
12107
12111
10607
10612
12115
12117
12172
10675
12181
10678
10682
12188
12191
10694
10751
12260
12265
12269
10766
12275
10824
12344
10841
12434
10898
10905
12443
12444
10972
10977
10978
10983
12515
12519
10988
12524
12531
11051
11051
11060
