140
138
156
160
188
186
190
209
206
216
219
231
235
224
238
244
251
254
248
272
254
294
297
277
281
317
327
332
339
350
356
366
361
384
375
386
398
412
417
395
421
395
408
412
446
436
444
457
493
490
477
505
481
530
495
527
532
531
550
506
552
516
520
577
541
584
587
583
543
598
607
624
633
641
660
664
663
640
655
682
685
663
707
713
716
700
730
699
737
737
714
763
780
781
785
754
775
777
832
835
851
804
874
804
878
896
888
841
845
904
909
909
912
927
930
856
928
933
953
900
905
972
910
972
914
990
922
1007
939
1036
960
974
975
974
1086
1089
990
987
1001
1100
1104
1118
1023
1020
1152
1157
1033
1022
1034
1039
1205
1231
1074
1252
1255
1266
1271
1274
1114
1289
1291
1296
1138
1296
1301
1153
1309
1315
1158
1160
1346
1353
1225
1362
1366
1365
1378
1245
1385
1264
1269
1272
1422
1276
1427
1427
1442
1450
1280
1464
1290
1312
1494
1499
1318
1490
1332
1513
1510
1518
1530
1532
1345
1536
1579
1586
1601
1427
1630
1627
1632
1466
1471
1670
1678
1480
1692
1495
1715
1720
1720
1517
1544
1540
1775
1544
1556
1793
1795
1809
1854
1859
1616
1876
1617
1885
1899
1638
1903
1646
1663
1917
1922
1939
1944
1939
1685
1941
1956
1956
1720
1725
1979
1994
2016
1770
2019
2019
2023
2036
1777
1777
2030
2053
2060
1805
2071
1824
2077
1827
2094
2100
2118
1859
1874
1879
2152
2175
2178
1902
1936
1945
1955
2250
2264
2266
2268
1974
2285
2292
1989
1994
2007
2013
2335
2340
2048
2049
2072
2370
2375
2072
2374
2398
2401
2099
2400
2113
2419
2419
2423
2442
2443
2151
2451
2170
2172
2189
2192
2196
2518
2530
2535
2215
2537
2548
2228
2546
2552
2552
2565
2569
2573
2273
2596
2598
2276
2294
2618
2293
2642
2642
2306
2304
2646
2652
2309
2651
2323
2666
2323
2670
2675
2690
2710
2713
2718
2736
2399
2767
2770
2785
2815
2820
2833
2838
2842
2851
2460
2854
2466
2485
2890
2908
2904
2913
2927
2533
2923
2556
2959
2571
2976
2603
2999
3017
3037
3039
3040
3057
2676
3060
2685
2697
2689
2694
3085
3100
3100
3106
3119
3128
3121
3140
2749
3145
2753
3163
2777
3171
3191
2810
2814
2813
2812
2832
3237
2859
2864
2871
3304
2876
3302
2879
2883
2893
2896
3337
2908
3350
3354
2900
2916
3384
3403
3408
3435
3452
3448
2994
3466
3489
3489
3494
3509
3514
3071
3527
3080
3532
3531
3087
3092
3553
3555
3103
3560
3104
3578
3118
3123
3581
3141
3600
3163
3630
3188
3649
3653
3188
3201
3674
3670
3224
3226
3695
3234
3247
3710
3252
3258
3273
3738
3275
3732
3280
3736
3291
3759
3293
3297
3774
3776
3309
3783
3314
3317
3800
3800
3815
3822
3329
3820
3835
3842
3358
3857
3387
3897
3420
3917
3917
3921
3425
3938
3443
3947
3448
3460
3485
3487
3989
3989
3993
4008
3526
3531
4038
4040
4058
3547
4060
3552
4076
3570
3570
3573
4081
3575
4105
4123
4128
4130
3608
4154
3639
4181
4186
4206
4207
4210
3668
3680
4222
3677
3695
4239
4264
4289
3749
4304
3760
3762
4314
4314
4362
4367
4363
4372
4388
3824
4384
3828
4405
3853
4408
3853
4422
4427
4450
4451
3894
4467
3919
4484
4486
3935
3952
3957
3957
3960
3973
4528
3978
4526
3997
4555
3984
3983
3990
4569
4573
4002
4593
4020
4598
4607
4031
4611
4030
4625
4626
4050
4631
4057
4634
4073
4653
4651
4073
4655
4078
4680
4685
4090
4685
4705
4108
4703
4117
4135
4729
4157
4760
4158
4171
4186
4798
4189
4190
4805
4820
4208
4821
4822
4205
4219
4843
4221
4226
4243
4247
4893
4896
4260
4269
4911
4272
4275
4931
4289
4953
4946
4951
4955
4970
4324
4975
4977
4328
4997
5006
4348
5022
5027
5032
4376
5047
4393
5053
5077
4431
5099
4434
5121
5126
5128
4465
4472
4475
5152
5169
5170
4505
4523
5189
4522
5194
4526
4534
5229
4555
5232
5247
5247
4583
5272
5277
4606
4596
5296
4606
5293
4621
4625
5313
5318
5323
5338
5338
5347
4644
5361
5365
5367
4665
5362
5377
5379
5381
5410
5420
5425
5425
4741
5450
4755
5446
4757
5451
5464
5469
5474
4762
4767
5478
5490
5495
5489
5497
4803
5514
4807
5524
5541
4839
5558
5558
5560
5565
5582
5586
5587
4885
4890
5590
5609
5613
5614
4918
4937
5624
4943
4957
5645
5645
4966
4981
4985
4993
5012
5685
5024
5019
5731
5728
5736
5032
5036
5735
5747
5048
5049
5750
5750
5065
5070
5774
5088
5795
5794
5084
5800
5090
5818
5821
5107
5825
5845
5122
5140
5869
5136
5132
5884
5893
5162
5167
5173
5932
5934
5211
5959
5957
5964
5227
5248
6008
5247
6025
5264
6024
6042
6051
5294
6068
6083
6092
5347
5347
6133
6142
6162
5381
5390
5400
6172
6173
6175
6188
6207
6205
6207
6210
6218
5467
6221
6225
5472
6230
6241
6250
6267
6270
6269
6273
5515
6283
6288
5542
5546
5552
5567
6332
6342
5594
6361
5598
6378
6382
6383
5626
6382
5627
6394
5648
6403
6416
6411
6435
6436
5694
6464
5688
6474
6480
5712
5708
5722
6527
6552
6580
5803
5806
6604
5811
5815
6604
5825
6627
5854
6644
6644
6649
6664
6669
6671
5890
6686
6691
6693
6712
5925
6712
6717
6714
6738
5933
6739
6742
6743
6747
5928
6766
6771
5951
6789
5971
6818
6824
6837
6840
6012
6016
6860
6029
6872
6053
6889
6920
6919
6934
6937
6935
6079
6940
6957
6958
6960
6104
6103
6985
6987
6130
7010
7011
6148
7024
6156
6169
7045
6177
6181
7052
7070
7072
7072
7077
6218
7087
6214
7092
7112
6243
6258
7131
7134
6268
7146
7151
6278
7156
6282
6296
7173
6300
6304
6309
7199
7189
7217
6324
6342
6340
7235
6346
6358
6363
6380
7306
7319
7326
6408
7344
7364
6433
7371
7368
7383
6446
6444
7385
7390
6444
7412
6483
7443
6482
6496
7463
6500
7465
7470
7470
6492
7475
6500
7492
7493
6501
7495
7499
7517
7522
6526
7538
7542
7542
7551
7564
7569
7571
6584
7590
7595
7593
7600
7603
7617
6602
7612
7629
6622
7634
7632
7649
7654
7667
7671
6670
6682
7693
7694
6688
7710
7718
7744
7755
7763
7759
6770
7783
7802
6790
7802
6794
7806
7821
7820
6817
6832
6838
7866
6877
6877
7894
6888
7902
7918
6907
7921
6910
7926
6913
7946
7951
6926
6948
7966
7968
6952
7973
6967
7988
8000
8008
7003
8019
8018
7037
7040
7042
8063
8074
7075
8088
7080
8109
8112
7105
8124
8125
7124
8130
8148
8146
8167
8170
8171
7165
7164
8185
8191
8195
7158
8215
7173
8243
8242
8249
8246
7193
7208
7209
8263
8266
7207
7220
8291
7234
7239
8331
7257
7259
8336
8335
7270
8354
7292
8376
7302
8403
7327
8421
7342
8422
8427
8451
8498
7420
7435
7439
8523
8525
7443
8544
7461
8558
8563
8560
8578
8588
7497
7512
7515
7539
7552
8632
8637
8649
8654
7566
7570
8661
7583
8673
8679
7580
8693
8696
8699
8701
7601
7603
8719
8724
7639
8739
8743
7644
8741
8746
7663
8769
7675
7671
8810
8813
8818
8836
8836
8840
7696
7711
8860
8884
8887
7727
8894
7732
8907
7745
7770
8956
7779
8957
7796
8981
8976
8997
8998
9003
9011
9016
9015
9018
9033
9034
7859
9038
7860
9051
7871
9060
9064
9082
7906
9101
7935
9124
7939
7937
9144
9151
7957
7970
9172
7973
7990
9191
9226
9229
9232
8058
9244
9247
8077
9270
8068
9273
9286
9287
9292
8080
9309
9308
8083
8087
8089
8102
9340
9343
8109
9368
8132
9368
9384
9389
9392
9407
9413
9417
8174
9440
9434
9448
8205
9471
8210
8217
9499
8232
9503
9508
9507
9512
9527
9524
9528
9542
8273
9545
8290
8294
9569
9579
8295
9587
8310
8313
9590
9609
9619
8345
9627
8348
8337
8336
8350
9648
8358
9648
9663
8381
8383
8393
8403
9704
8408
9725
8426
9730
9735
9730
8439
9746
8443
9752
9747
8433
9767
8448
9773
9775
9783
8486
8488
9802
8507
8512
9852
9855
8527
9860
8530
9876
8540
9880
9879
8546
8554
9901
9899
9919
9917
9944
8585
8603
9958
9965
8600
9976
9973
9977
9979
8625
9994
8638
10019
10020
8667
10021
8666
8677
8675
10041
10061
10057
10062
8680
10077
8677
10086
8693
10128
8699
10133
10134
10138
8722
8729
8743
8745
10179
10221
6653
6662
10236
8789
6664
10240
10245
10245
6681
10262
10258
6686
10266
10265
8820
10282
10283
6703
10288
8845
6710
10292
10308
8857
10315
6725
6725
6736
8873
6741
10335
8872
6744
10361
10366
6747
10364
8885
8903
8905
8910
6745
8924
10405
6751
10402
6755
6766
10429
10430
8954
6771
10433
8958
6772
8962
6777
8966
10454
6782
10454
8985
10469
8990
10472
6779
10477
10489
6799
6803
10511
6820
6824
10519
9021
6847
9036
6841
6839
9042
6843
9056
10565
6854
6881
6872
10598
9099
10603
10602
9104
10619
10625
6895
10628
6902
6889
9137
10641
6895
10645
6898
10649
9145
6899
10673
6913
6901
10687
9147
9151
6913
10702
6913
9154
10707
6905
6910
9152
6906
10721
6913
9170
6904
6908
10743
6915
10756
9193
6920
9195
9193
6922
10772
6924
9199
10784
6927
6930
9188
9193
6930
6935
6940
6941
6944
6949
10812
6952
9220
6957
6961
6965
9239
10836
10841
6971
10846
9250
10850
9255
9262
6972
6975
6978
9266
10873
6978
9263
10887
9266
6986
10892
10895
6988
9275
10910
6991
6992
10920
9272
10925
6984
10929
6994
9279
10934
6994
10948
9290
6992
6987
9295
9299
10971
10975
6985
10978
6981
10982
10986
9303
9307
6983
6982
6983
6988
9322
11015
9330
6994
11020
6995
11032
11037
7002
11040
7007
9362
7018
11055
7026
7031
9378
11064
9355
7027
11073
7031
9359
7033
11081
11084
7038
7043
7045
11089
7050
7054
11103
7060
7054
7056
9382
7061
7066
9391
11124
11131
7070
7075
9400
11139
9408
9409
7070
9409
11145
7070
11148
11152
9422
7079
7074
9415
11167
11170
9420
7078
11173
7082
7081
9435
11188
9430
11197
7086
7086
11206
11206
7080
11216
11224
7089
11223
7086
7088
7089
7090
11242
7094
7096
9467
7098
7103
9476
7108
7113
9486
11272
9496
7107
9505
7109
9509
7095
11287
9510
9516
9513
7107
9517
11307
7112
9524
7116
11312
9522
9514
9515
7126
7130
11333
9509
7140
11342
7144
9513
7149
11357
7151
11359
7147
7141
11369
11374
7146
7148
11379
7149
9542
7142
9546
9551
7152
7160
11407
7164
11411
11416
7163
11426
7162
7158
11440
7166
9581
7166
7171
11452
9584
7164
11465
7164
11474
7166
7169
9602
7171
7163
11493
7166
9616
9616
7164
9626
7168
9629
9633
7145
11529
11533
7141
9639
11543
9642
7137
11547
7137
7130
11562
7123
11566
11567
11571
7119
9649
11575
9654
11578
7123
11583
7129
11595
7135
7133
11608
11612
7121
9670
7123
9675
9680
7122
11628
11632
7133
7140
9693
7143
9705
7148
7150
7152
11655
9716
11669
7154
7158
7160
9721
11678
7158
9737
11689
7153
11694
11703
7146
11705
9745
7144
9751
11716
7141
11718
7146
9759
7143
9764
11721
7151
7156
11730
7164
11740
7160
11744
7155
7158
11750
7158
9754
11759
11764
9762
7165
11769
7170
9755
7173
11778
7166
11783
9741
11790
7166
11785
7171
9747
7165
7168
9752
9755
11808
7167
9760
7172
7176
7181
11818
11822
7187
7192
9779
7189
7194
9789
7194
7201
9794
11878
9803
7208
9812
7213
9817
11892
7212
11897
9820
11901
7220
11898
7223
7223
9830
11900
7227
9839
7228
9834
11911
7212
7210
7215
9847
11915
11921
7209
11926
9854
9862
7221
9862
11951
9870
9873
11961
7222
9878
7221
9879
11969
11974
11971
7226
7228
9879
11972
7232
7234
11977
11987
11992
9892
7249
7244
9894
7244
9895
7249
7254
9891
7258
7252
9900
12027
12030
7251
12036
9913
7261
9922
7267
7269
7274
12063
12071
7279
7280
9938
12086
7278
12084
9944
12088
7282
9949
12096
9954
7295
7294
7296
7309
7313
7317
12128
7322
7324
12138
7326
12142
9989
9993
7305
12154
7310
12162
9999
10001
12167
7316
7313
9998
7320
7323
7326
7331
12192
7336
7339
10006
7339
12201
7320
10010
7314
7314
10014
7314
12226
7311
12231
10024
7316
7318
10033
10037
7323
10038
7331
10042
12265
10047
7334
10052
10055
7330
7333
12279
10049
7334
7333
7310
10057
7312
12286
7312
12295
7308
7306
7305
10076
7301
7296
10066
7297
10068
7290
10074
7289
12335
10060
7300
10052
7303
10057
7291
7296
7300
12355
10058
12360
7293
12361
10066
12365
7297
12374
10075
10080
7300
7310
10088
7304
12402
7300
12412
10105
7307
7309
12420
10113
10120
10125
7313
10132
12440
12444
12449
7322
10131
7331
12462
7331
12475
7336
12487
10145
12488
7341
12483
7343
7339
7344
10166
7349
10171
12498
12503
12504
10174
7344
12508
7349
7354
12522
7363
12526
7349
7354
12525
7347
12536
10191
7355
12539
7357
10203
7366
12549
7370
10212
7372
7373
7362
7367
12572
7372
7389
7392
7397
10240
12606
10237
7401
12609
7406
7406
10240
10245
7405
7406
12624
7403
12627
10253
7398
7403
12637
10260
7405
7405
12659
7402
10260
10265
10264
12668
7402
10258
7405
12672
7410
12682
7417
12687
7420
7424
7426
10302
12713
12714
7450
12724
7447
10316
12734
12742
7441
12746
10334
10334
7452
10338
7456
7458
7463
12771
10332
12773
10341
12778
7464
10342
7475
10346
12793
12797
7490
7480
7484
12805
7485
7488
12823
7491
7490
7493
10386
7497
12838
7502
7502
12846
10395
7509
7512
7517
10406
7528
12870
7526
7528
10410
12895
12898
7534
10418
7539
7533
10434
10437
7539
10439
12927
7544
10449
7536
10450
12945
10451
7528
10450
7533
7524
10457
7527
10454
12961
7532
7536
7539
12975
7544
7547
10455
12983
7546
12994
10466
10470
7566
13016
7568
13022
10474
10458
7570
10461
7570
7573
13043
7577
7580
10477
7594
13065
7597
10486
7603
13069
7604
13076
13077
7603
7591
10500
7592
7593
13108
10509
10512
13123
7599
7600
13126
7605
10522
10518
7607
13141
13145
7608
13149
10520
7613
7615
7620
7621
7625
7631
10542
7603
7605
10544
13183
7596
7588
13206
7589
10567
7593
7593
7597
10580
7599
13221
10582
7599
13226
7602
13234
7604
13236
13240
10583
7610
10588
7606
10592
7607
7603
13252
7608
10597
10596
7600
10599
7603
13279
10612
7613
10616
7621
7623
7617
7609
7603
7558
13316
7558
13321
13324
7563
7570
7571
7575
13342
7575
10650
13345
7584
7590
13360
13364
13379
7576
13381
10626
10639
10644
13394
10645
7596
7599
13422
7604
7607
10656
7596
10662
7596
10667
7597
10675
7601
13469
7592
10670
13470
7591
13484
7600
10683
13491
7596
10683
7601
13496
13505
7611
13510
7615
10701
10697
7621
10700
7626
13522
10707
10711
7629
10719
13546
13551
7638
10720
7639
10724
13558
7646
10733
7648
10737
7656
13591
7667
7672
7677
10751
13608
7680
13612
7676
10753
13623
10763
7673
13637
10768
7663
7660
10767
10772
7663
7653
10781
7655
13646
13650
7660
7667
13661
7677
13670
10781
7675
7680
7685
13683
7684
13688
7685
10782
13700
7692
10789
13698
7697
7703
7705
13704
7712
7714
7717
13712
7718
7723
13716
10821
10825
13734
7735
7740
13733
10827
7741
13738
7738
10827
13745
7740
7738
7732
7736
10841
10838
7746
7748
10844
7748
10839
7745
10842
13776
7750
10852
7752
10854
7753
7749
7736
7741
13798
13803
10870
10873
13808
7753
10877
7757
10882
10885
13832
7755
7760
7765
7769
7773
13855
7780
10907
13872
7785
7788
7786
7785
13881
10910
10915
13888
10919
10924
7778
7783
13903
13908
13910
7794
7788
7789
10934
13920
7772
13926
10943
13939
7773
7770
7769
10955
10959
13954
7766
7771
10967
7776
7763
10958
13981
10963
7770
10957
7771
10960
7778
10972
7770
7774
7779
7779
10981
14028
10990
7793
7798
7806
7806
7798
11025
14056
7786
11028
7790
7789
11033
7794
11039
14070
14074
7808
11052
7803
7796
7793
14096
7794
11062
11063
7797
7795
11068
7788
11058
11060
7797
14120
14129
7798
7803
11081
7805
7810
14151
11083
11088
7810
14154
7812
14163
11098
7817
11102
7822
14170
7827
11107
7832
11114
14178
7835
11118
11123
7837
11128
7840
7845
7849
14192
11135
11139
14197
11143
7843
11143
7845
7849
11152
7852
14214
7843
7834
7833
14224
7832
7841
11170
7846
11175
7844
14241
7840
11180
11185
14254
7852
7853
14258
14267
7862
14280
14282
14283
11211
7865
14302
7867
14311
14314
7858
14319
11234
11238
14329
14339
7860
7849
11244
7849
11249
7847
7846
7850
11254
7855
14366
11258
7855
7859
11267
7863
11269
7862
7865
14400
14395
14400
11307
11312
7852
14414
7851
11309
14419
7860
7862
11309
11314
7866
7867
7862
14437
14441
11318
7861
14440
7865
11323
7870
14444
7872
14446
7879
7883
11339
7884
14472
7864
7857
11354
7859
7859
11362
7835
7836
11373
7839
11377
7841
7839
7844
11384
14519
7844
7856
11395
7860
11400
14546
7864
11406
7869
14565
7870
7879
7884
7880
7885
11426
14602
7876
11431
7873
14608
7874
7878
11444
7874
14615
14619
7874
14627
7878
14630
7875
11454
7880
11454
11461
14636
7885
11466
7890
7892
7898
11482
7889
7889
14664
7893
14669
11496
7898
7899
7898
7899
7896
14686
7894
11514
7898
11518
7886
14712
11531
7900
14725
14743
14748
7882
14758
7887
7891
11556
14763
14764
7899
7903
11565
11577
7911
14785
7916
7916
14803
11582
7922
7921
11590
11591
7926
7930
14827
11604
7938
7943
14836
11609
7943
7948
14842
11617
7942
7933
11619
14858
14863
7941
11626
11629
7941
7945
11633
14879
11638
11653
7961
7964
14894
7969
11659
7971
14909
7969
14910
7970
14923
11681
14928
11701
14950
11707
7977
11706
7979
7979
7982
14978
7986
7991
7995
7993
7998
14996
7990
11718
8000
8003
8004
15016
11732
11736
8008
11739
8010
11743
8004
8005
11752
8007
8005
11761
8010
11766
15049
8020
11782
8017
8016
15068
8016
15072
15076
15081
8013
8008
15086
8012
15099
11796
8014
8018
11797
8018
11795
15129
8013
11802
7988
11808
7992
7995
15156
15159
15163
8001
11822
15168
8002
15178
8009
8014
11833
15183
8017
11842
8021
15191
8022
8016
11851
8021
8021
11864
8026
11866
8030
8030
15229
8035
11870
8038
15238
8044
15243
11877
8046
15246
11874
11877
8034
15254
15258
11890
15261
11891
8038
8043
8048
8045
8045
8042
8034
8029
8009
15294
11920
8005
11930
8007
8009
15311
8014
11936
11938
8012
15345
11944
8018
8016
11948
8020
11953
8025
15357
11953
8024
8027
15361
11956
15362
8030
8031
15373
8025
8017
8019
11970
8016
11981
8021
8007
11984
15402
8002
15406
11989
8004
15414
8007
8012
11995
15429
8020
8019
12002
15442
12010
8026
8024
8018
15450
8021
8023
12022
8002
8005
15469
8010
12030
8020
15492
8017
12040
8020
15502
12044
15515
8035
12055
12042
15519
15520
8036
15521
12051
8021
15526
15531
8024
15543
8026
8029
15546
15550
15558
8035
8037
15567
12073
8039
15578
12083
15579
15578
8047
8049
12097
8048
12102
8054
12105
12114
8058
8059
15616
8063
12132
12135
15623
8069
8073
12141
8078
12143
12148
15651
8070
15656
8075
15675
8064
8067
15684
8066
15687
8068
12150
8072
8079
15697
12161
8070
8055
15710
12168
8049
15713
12175
15718
8042
15722
8047
15724
8049
12189
8052
8055
12195
8057
8061
12205
8061
8058
15756
15764
8055
8055
12206
15767
8060
8055
8058
15777
8063
15790
12223
8068
15792
8059
15795
12227
8068
8070
12234
8076
15831
8080
8076
8076
8073
15849
12267
12269
15857
12271
8076
12276
8081
8084
12268
15859
12273
8087
15873
15878
8087
12290
12292
15897
8094
12306
8095
15915
8097
12323
8106
8103
12334
8104
15933
8113
8114
15946
8119
8122
12334
15961
12339
15969
8129
15974
8123
12345
8125
8128
15991
8132
15994
15997
12342
16009
12348
8140
12353
8144
8153
12361
16031
12365
8149
12368
8129
8134
8130
12381
8138
16045
12390
8127
8130
16062
8135
16069
8134
12414
16077
12419
8134
8130
16088
8129
12418
16091
8126
12421
8130
8132
16104
12430
8140
8145
16111
8149
8152
8152
16119
8153
8146
12461
16129
8142
8145
12465
8150
12468
8155
8152
12478
16157
8152
8155
12483
8164
8168
12489
12499
16178
12500
8167
16187
12510
8168
8171
12520
8157
8157
16205
8161
8158
12526
8158
16215
8154
12525
16221
8159
12532
12537
8169
12544
8170
8171
16250
8175
16255
16261
8182
12559
8162
16270
8159
12577
8157
8161
12574
8164
16287
16292
8164
12581
8167
8164
8165
16307
8170
12597
12600
16335
16339
8180
12604
16343
8178
16349
8169
8171
8174
12617
12618
8170
16363
8178
12632
8174
16380
12636
8167
16381
8166
8172
12640
8179
15247
16425
15251
12641
16430
15255
16436
15265
8201
12658
16441
15269
8205
15269
12666
8202
15274
8205
15277
16459
15280
8200
12676
12678
15289
8206
15294
12680
8210
15299
15302
12690
8207
15306
12692
12696
16496
12700
12705
16499
8221
15313
8217
16507
16511
15323
8227
15324
8231
16524
15333
8235
15336
16533
8228
15344
8230
16543
12719
8225
15351
12720
15352
8228
15357
8221
15362
16558
15369
16561
15372
15381
15385
12742
16584
15392
12750
15388
12750
15393
12734
16597
15396
15407
15406
16611
12748
15411
15411
16619
15416
15420
15420
12749
12744
12746
15431
12753
16645
15437
16649
16651
15443
16656
12757
15444
16663
12769
15458
16677
12773
15463
12776
15469
12781
16682
15472
15474
16692
15478
15483
16697
12790
16695
15488
16700
15492
16705
16706
15495
16710
15505
12814
16715
15509
12811
16715
15509
12819
15509
15511
16726
15521
16736
15524
16741
15522
12826
16743
15532
16755
12834
15546
15550
16765
12832
12836
15560
15563
16782
15568
12843
16792
15577
16797
15582
12853
16812
15589
15594
15592
16834
12880
16839
12889
16848
12893
12896
15617
12904
12906
15624
15634
12909
15637
12914
16895
12921
15648
12931
15656
16908
15660
12939
15660
12944
16915
15664
12940
12945
15674
16928
15678
15681
15685
12956
16947
12951
15679
12941
16951
15682
12946
15683
16958
12949
12955
16967
15687
16972
15692
16975
12957
16980
15696
15697
12962
15696
15702
12976
15704
12981
15706
17019
15711
17027
17032
12994
17040
15723
15728
17058
15741
15753
15766
15771
15774
13040
13045
15781
15785
17100
15789
17105
13057
15794
15798
15803
15803
13063
17124
15808
13066
17129
15810
15812
13077
15819
13081
15824
13093
15833
15838
13100
15843
13097
15843
15853
13099
15855
15860
17184
15867
13113
15869
15873
17194
13117
17192
15878
13120
15878
15878
17201
15888
17212
15899
15904
15907
13151
15917
15922
17240
17243
17247
15939
17249
15948
13172
15953
17265
13176
17270
17275
15965
15970
15979
13187
15990
15994
17307
15997
17311
13185
17315
16001
13190
16005
16010
13200
13205
16016
13210
16015
16016
16020
16025
13213
16029
16034
13217
17362
16039
17366
13222
16041
16044
17385
13242
16045
17387
17392
17397
13256
16057
13257
17408
16062
16063
16068
13257
17425
16077
17424
16081
16082
17429
16080
13274
17439
13274
17444
16090
17449
13284
16098
17462
17468
16099
16102
17478
13298
16107
16112
16113
17504
16119
13328
16120
16121
16120
16121
17527
13344
16131
17531
16136
16141
13341
16146
17544
16148
13346
13349
13353
17553
16151
16156
16161
13363
16162
13366
16167
13371
17569
16176
13373
16183
13378
16184
17589
16195
13389
16200
17607
16207
17615
16220
13395
17619
16230
16234
17628
16243
13413
17645
13417
16252
17650
16264
13427
16266
17665
16271
13436
17668
16275
13440
16278
16282
17677
16286
16291
17685
16293
17686
17691
13459
16303
13464
17699
13469
16312
17703
16314
16318
13480
16314
17714
16317
13485
16324
17728
16333
16338
16343
16348
17747
16353
17747
16352
16350
13501
16355
16358
17770
16358
13512
16363
13507
16364
13510
16367
17776
16370
17779
16374
16377
17792
16380
13531
16382
17801
16396
13556
17818
16405
13555
13563
16417
13568
17839
16428
16431
17842
16440
16444
17853
13599
16453
17868
13611
16462
13615
16464
17879
13617
16465
13607
16483
16488
16484
17913
16487
16492
16497
13622
17933
16502
16501
17943
13631
17937
16517
16518
13648
13653
16527
17957
16534
17957
13660
16537
17963
13668
16551
16556
16561
16571
16576
17996
16570
16575
16577
18019
16582
16584
13688
18025
16588
16593
16597
18038
16597
18046
16605
13692
18053
16606
16607
18064
13682
16615
16620
16625
16629
13697
16643
13694
18100
16647
16650
16654
16663
16668
13707
18127
16672
13703
16677
18138
16692
18146
18151
16686
16690
18161
16694
16699
18161
16696
18166
16699
16704
13746
16707
13747
13745
16715
18196
16715
18197
16724
13754
13757
16735
13768
18223
16747
13773
18228
16752
16751
18241
16752
16755
18255
13789
18264
16766
16770
13773
16775
16779
16784
16789
16794
18301
16796
16801
18316
13795
16811
18319
16804
16808
13796
18327
18327
16816
13803
16822
18338
16827
13816
13821
13824
13827
18341
16842
13840
16851
18365
13847
18376
16859
18378
16866
16871
16879
18403
13869
18408
18412
16889
13879
18416
16894
13884
16897
16896
13886
18427
16900
16897
18436
13897
13902
18449
16916
18454
13904
18459
16923
13918
16924
18473
16925
18477
16925
18492
16928
13947
16936
16940
18510
18514
16948
13959
16953
16956
13967
18526
16960
16962
13957
18530
13959
16968
13964
16969
16970
18537
16973
16977
16980
13986
16979
18560
16983
16988
18569
16989
16988
16991
18580
13981
13983
18585
17000
17003
18594
13982
13984
18598
17008
18602
13991
17012
17016
17022
17027
17031
17036
17039
14009
17044
17047
17049
17054
14017
18646
17058
14018
18647
14022
18650
17067
18658
17073
18660
14023
17076
18670
18675
14036
14040
17088
14045
17077
14051
18686
14048
18693
14042
17092
18693
14047
17096
14047
17099
14052
18707
17104
17109
14067
17118
17121
18733
18737
17130
18740
17138
17137
14089
14082
17146
17151
17153
17157
18777
14103
18782
17164
17169
17174
17177
14113
14117
17177
14116
18802
18806
17186
14122
17190
17192
18817
17197
14133
17201
18822
18835
17218
18839
17223
17227
14156
18851
17232
18859
17238
17241
14163
18871
17236
18875
14172
17244
18879
17249
17247
17248
17255
18897
17259
14180
17261
18906
18911
17269
17274
14181
17274
14185
17277
14188
18937
14203
18950
14206
17296
14209
17299
14213
17304
17309
14221
18966
14225
17317
17327
17330
18988
14240
14243
17333
17336
17340
14248
17351
17354
19027
14257
19032
17364
17373
17378
19051
17383
17390
14267
17388
14270
17393
17397
14280
17399
19082
19086
17413
14280
19100
17419
19105
17424
19110
17431
14282
17435
17436
17438
14288
19126
17447
17453
19139
17461
17470
17475
17475
17485
17489
14341
14342
19170
19171
17500
17505
14342
17508
14345
14350
19182
17507
17512
14357
17517
19192
14357
17527
14373
17532
19211
14382
17537
14382
17542
14385
19224
14393
17569
17574
14379
19253
17577
17582
14375
17587
14375
19266
17599
17599
14368
19275
17606
14377
19278
17605
14381
19287
14384
14387
17623
14396
17626
17631
19295
17636
19300
14397
14401
17640
19308
14405
17643
19316
19320
17661
14414
17658
19332
17663
14424
19341
17673
19346
17676
19355
17681
17685
14449
17690
17695
14452
17696
19373
17698
17698
19374
17703
14458
17707
19384
14456
17709
19390
14461
17714
14465
19384
14475
17728
14456
17725
14455
14456
17732
19401
17737
19405
17740
14463
19409
17741
14479
17759
19439
14487
17763
19441
17765
19446
14500
19451
17772
19456
17772
17775
14506
19469
19474
17784
14514
14519
19491
17792
19495
14524
17801
19509
17807
14530
19514
17811
14534
14538
17817
14535
19517
17832
17832
17837
14533
19541
19546
17849
19554
19562
17858
17862
14538
14542
14547
17872
19579
17877
14551
14554
17885
19585
14551
17891
19597
17885
14554
17892
17896
19616
19620
17903
17907
14570
14579
19637
17922
19642
17925
19647
17928
19645
17935
14581
19652
17940
17947
14592
17948
17952
19670
17961
17963
17973
17978
19706
19711
17987
19715
19722
18011
19739
18015
14658
18020
19744
18025
19749
19754
18032
14678
19758
14680
19760
18039
18044
14687
18048
18053
18061
14694
19787
18066
18069
14699
18070
19801
18080
18081
18087
18089
19819
14701
18088
18092
19829
14709
14714
18108
19838
14724
19847
18110
18114
14737
19862
18124
19868
18129
19866
18132
19868
18136
19877
18140
14749
18143
18146
18154
18162
19914
14755
14759
19918
18182
14768
18190
14771
18197
18201
18204
18208
18210
19954
18203
14786
14783
18224
18227
14797
19989
18232
18232
14790
19997
14793
18241
18247
20015
20014
18254
20019
18257
14810
18259
20026
18273
20041
18277
20044
18281
20060
18292
14834
18296
14838
18301
14841
20070
14845
18309
20074
18317
14852
20080
18323
18331
14863
20087
18338
20083
14874
18346
20101
14874
20105
14882
18366
14888
18362
18365
20118
14902
20126
18377
20126
18380
18385
20139
18388
18390
18389
18394
14912
14917
18400
14917
18404
20181
14926
20178
18416
14926
18419
20193
20197
18430
20210
14931
18434
20220
14936
18439
20225
18443
18446
20231
18454
20240
18455
18454
14963
14966
18462
20261
18472
20271
18470
18483
14971
18486
20292
14975
18491
20297
18476
18480
20314
18487
18491
18491
14987
18495
20339
18501
20344
20347
15003
15009
15008
18511
20360
18523
15014
18528
20373
18533
15021
18527
20382
18532
15030
15035
18535
18536
15044
20398
18543
20405
20409
20417
15066
18556
18562
15074
15078
20433
18573
15088
18576
18577
15095
18581
20457
15109
18598
20466
15121
18607
18606
15127
18611
20480
18625
15140
18629
20493
18634
20497
15140
20501
18643
18649
15143
18649
20518
15149
18654
15154
20525
18661
18664
15164
18679
20543
15178
15183
18686
18685
20558
18690
20563
18697
18702
18707
15210
18711
20584
15211
18716
18718
15218
20594
18717
20598
20599
18722
18727
18735
20612
15225
18742
18746
18751
15224
18753
15224
18747
15226
20640
15227
15230
20643
18761
18757
20651
18762
20656
18769
15245
20663
20668
15247
18779
20673
18783
15245
15247
18788
20681
15247
18794
18799
15251
15256
15261
20708
18811
18812
15262
18813
15269
18815
15266
20727
18820
18825
18835
18840
15273
20748
18843
18848
20750
20758
18860
18865
20767
18867
20777
18873
18874
18879
20790
18886
15307
18894
18898
20813
15315
18906
15318
15321
20817
18908
18909
18913
18916
15332
20822
18926
18924
18928
20830
20832
20837
18934
20848
20857
18952
20867
20869
15369
18962
18964
15370
18973
15380
18973
15385
20888
15393
20891
15398
18985
20901
15401
18990
20906
18992
15409
18993
15421
19003
20931
19008
19018
20946
15432
19020
19025
19030
20960
19033
15437
19037
19042
15441
19049
19057
15450
19057
19062
20995
19065
15461
19073
19078
19082
19084
19086
21033
15482
19101
15485
21052
15488
19119
19125
15495
19130
19131
19135
21078
15508
19134
19139
21086
19144
15521
19148
21095
21098
15531
19171
19181
19180
21126
15550
21131
19193
15551
19198
15556
15557
19204
21144
19207
21149
19212
21150
21159
21164
19228
21167
19238
19243
19246
15576
21180
15577
19247
19252
15577
19256
19255
15583
19258
21210
15587
19261
21218
19266
15601
19269
15602
19282
15607
19287
21239
19290
19294
19293
21255
21259
19306
19311
19315
15634
15621
19325
21280
19325
15624
21282
15633
19337
19342
15637
19350
21303
19355
21305
15642
19356
19361
19365
15651
21312
19370
15640
15645
19377
15654
21326
21329
19391
19396
21337
19403
19408
21352
19407
21357
19412
19417
19421
15671
19425
19427
19432
21389
19432
19432
21391
19437
19446
19452
15714
19452
15718
21409
15716
19453
19456
15727
19462
21429
19463
19467
21437
19471
21441
19476
21453
21458
19490
15745
19494
15750
19497
21472
19502
21477
21481
15764
21491
19509
19513
19518
21509
15768
19520
19525
21517
15769
15774
19514
19517
21525
19521
21529
15788
21533
21536
21537
19529
15795
19532
19537
19545
15801
21550
19552
21556
19556
19561
21564
15816
19568
21563
15817
19573
21568
15825
21573
19582
15826
21577
19590
21578
21582
21587
15848
19606
19610
15835
19614
15835
15838
19629
21615
21619
15847
21623
19636
19641
21636
19645
15866
19645
15869
21651
19653
21655
15879
19658
19661
19666
21665
19668
19675
19680
19688
15898
19698
21700
21699
21703
19711
15913
19720
19724
21717
15907
19730
15910
21734
15910
15911
19752
19756
21751
21756
21761
19758
19761
21766
19761
19763
15938
15943
19764
19765
15943
19769
19773
15947
19771
15945
15949
19778
21807
15950
19783
15948
21811
19788
15951
19792
19801
21826
15962
19803
21830
15965
19814
15969
15972
19822
15963
21853
15969
19842
21872
15977
21875
19843
21883
19850
21888
19856
21894
19858
21903
15999
19868
21909
16004
19873
21913
19878
21918
19882
19887
19889
16016
19888
16021
19892
19895
21944
19894
19898
16031
19901
21963
16039
19903
16043
19900
21975
19913
19918
16065
21998
22003
16065
19920
19924
19919
19921
22018
22023
22026
19931
19933
16081
19937
22037
19937
19939
16081
22049
19948
16080
22055
16080
16083
22063
19966
22068
19967
16087
22073
19972
22080
19977
22083
19982
22090
19991
16105
22095
19996
20000
16111
20003
16115
22109
20007
22111
22115
22116
20017
22120
20022
22124
16137
20030
20035
16135
22139
20040
20038
16144
20043
16138
20048
20052
22159
20054
16144
20058
16147
20055
22173
22180
16161
20060
16165
20065
22181
20071
22188
16185
20082
16194
20082
22210
20085
16204
20091
22229
20101
16211
20106
22230
20110
16221
22235
20111
22240
20116
22245
22250
20126
22252
20134
16241
20137
16251
20146
16255
20138
20142
16264
22284
20152
16266
20155
20161
22310
20166
20165
20167
20171
22326
20170
22329
20169
22338
20173
22342
20173
20180
20182
22363
20183
20186
22382
20200
20203
22397
20214
20218
22412
22417
20228
22422
20233
22427
20237
20242
22433
22434
20250
20255
22441
20267
20272
20276
20278
20280
22464
20284
22469
20283
22474
20286
22483
20291
22482
20294
20298
22498
20302
20310
22509
20312
22510
20316
22515
20322
20322
20327
22536
22541
22546
20338
20339
22556
20346
20350
20351
22571
22587
20374
20377
20382
22599
20385
22604
20389
20394
22617
20399
22621
22624
22629
20403
20408
20412
20414
22647
22652
22659
20430
20434
22667
20442
22682
20455
22694
22699
20465
20470
22700
22715
20486
20490
22739
20496
20499
20503
20511
22759
22763
20520
20524
22772
20528
22776
20533
22780
20539
20544
20549
20554
20559
20567
20570
20574
22814
20578
20583
22829
20594
22834
20605
22839
20610
22856
20620
20622
22862
20619
20623
22870
20631
20644
20649
20651
20656
20660
22914
20664
20671
20680
22942
20700
22945
20705
20707
20705
22958
22968
20718
22975
22979
22982
22987
22989
20733
20737
20742
23008
23010
20752
20748
23022
20762
20771
20773
23053
20773
23058
20777
23061
20781
23078
20805
20799
20804
23095
20809
20813
20816
20821
23113
20824
23124
20823
23127
20830
20835
20840
20845
23140
20851
20853
23151
20855
20858
23156
20863
20868
20873
20878
23173
23178
20882
23187
20888
23191
20891
20895
23199
20900
20905
23206
23211
23219
20918
20918
23229
20927
23243
20938
20942
20950
20951
20958
23274
23283
20966
23287
23291
20974
20982
23304
23309
20989
20996
20998
23326
21003
23331
21003
21011
23353
21014
21019
21024
23368
21026
21029
23377
21031
21041
21040
21044
21048
21053
21058
21066
21072
23435
21076
21081
23446
21083
23456
21085
23468
21099
23470
21104
23474
23482
21121
21121
21125
21130
23497
21131
23503
23506
21136
23510
21143
23518
21149
23520
21153
21158
23538
21176
21180
23555
21188
23565
23567
21197
21200
23569
21204
21208
23575
21213
21216
21221
23587
21226
23586
21229
21238
21230
23614
21235
21236
21241
23627
21253
21257
21251
23646
21256
23651
21261
21267
23663
21272
21274
23672
23676
21289
21290
23684
21286
21291
21300
21303
21306
21311
21316
23724
23728
21325
23733
23741
23746
21337
23753
23756
21346
23761
23766
21347
21352
23770
21357
23775
21355
21358
21363
23785
21369
23790
21374
21379
21371
23809
21376
21381
23819
23828
21390
23833
21395
21399
23844
21404
23847
21409
23851
21414
23854
23859
21426
23864
21429
23874
21435
23887
21440
21443
21448
21462
21473
21476
21481
23933
23938
21490
21495
21496
23951
21500
23956
21505
21509
21509
21512
21517
21521
21532
21535
21530
24004
21535
24008
21540
24018
21545
24026
21554
21558
24028
21556
21564
21569
21573
21577
21590
21599
21604
21606
21610
24083
21607
24095
21612
21614
21618
24113
21622
21635
21638
21642
24130
21645
21649
21654
24144
21659
21668
24162
21667
21671
21680
21685
24176
21684
21686
21689
21694
24196
24199
21706
24207
24211
21716
24214
21721
24228
21729
24232
21738
24242
24259
21758
21765
21770
24268
21780
21783
21796
21806
21815
24312
21820
24315
24319
21833
21831
24345
21833
21837
21842
24351
21852
21855
21860
24376
21862
21867
21871
24392
24397
21877
24393
24398
21885
21890
24415
21894
24420
21899
21904
21909
21914
21919
21922
24444
24449
21927
21938
21941
24475
21945
21949
24489
21953
24492
21955
24496
21959
24510
21971
21973
24518
21976
24528
21986
24548
24550
22001
22005
24565
22008
24575
24588
24593
22024
22029
22034
24604
24606
22042
22042
22043
24623
22050
22054
24632
22055
22059
22067
24654
22077
22081
22086
24662
22087
24662
22087
24672
24676
22103
24681
22107
22112
22115
22120
24697
22132
22136
22141
22150
22155
24734
22157
24739
24748
22171
24758
22176
22179
24767
22178
22187
22191
22192
22200
24802
22205
24805
22205
24810
22212
22215
24824
22213
22214
22219
22221
22223
24844
24848
22230
22234
22239
24867
22246
24872
22250
24875
22259
24881
22263
24886
22277
24896
22285
24898
24903
22290
22293
22296
24915
22301
22305
22319
22323
22328
22336
22340
22352
24954
22357
24961
22369
22374
22379
22382
22390
24995
22391
22393
25010
22395
25013
22400
22402
22397
25028
22401
25030
25035
22409
22417
25043
22420
25048
22429
25056
25061
22436
22443
25075
22446
22445
25090
22443
25101
25114
22463
22468
25116
25119
22477
25123
25127
22487
22489
25138
22504
25147
22509
25152
22514
25162
22517
22515
25171
22522
22526
22525
22534
22539
25190
22543
25199
22552
22557
22561
25220
22577
25226
22580
25231
22582
25241
22588
25250
25259
22602
25262
22608
22614
25279
22615
25284
22616
25289
25292
22621
22617
25297
22615
22624
22628
22636
22641
25329
22650
22667
22668
22678
22682
22700
25393
22704
25395
22706
25397
22709
22713
25407
25410
22723
25412
22727
22731
22742
25447
22751
25449
22751
25454
22752
22754
22756
22761
25476
22764
25483
22768
22769
22772
22769
22770
22773
22778
22783
22788
25516
22793
25520
25525
22802
25533
25538
22813
25547
25562
22813
22817
22827
25580
22830
22835
25588
22839
22843
25598
22847
25603
22858
22859
22869
22876
22881
25636
22884
22888
22893
22898
25659
25672
22915
22920
25682
22924
22929
22932
25697
22935
25706
25711
22948
22951
25720
22956
25728
25733
25738
22981
25747
25752
22986
22991
22994
25764
25769
22995
22996
23002
23009
23013
23018
25805
23023
25812
23031
23044
23049
25836
25841
23053
23068
23073
25869
25874
25896
23101
23104
23106
23112
23117
25928
23119
23122
23132
25943
23133
23137
23140
25948
23145
23155
23159
23163
25980
23170
23172
25990
23172
23170
26001
23172
23174
23177
23177
23186
23190
26026
26031
23200
26036
23204
23209
26044
23213
23216
26052
23220
23226
23232
26073
26078
23240
26088
23248
26092
23253
23256
26102
23257
23260
26109
23266
26121
23270
23272
26133
23276
23278
26141
23280
23282
26159
23284
26168
23294
26172
23299
23303
23307
26178
26186
23319
26198
26202
23324
23328
26211
23332
23334
23337
23342
26230
26234
26253
23355
23357
26258
23360
23365
26266
23373
26278
23377
23386
26281
23387
26285
23392
23393
23396
23399
23404
26311
23416
26318
23419
23424
23425
26338
23431
26343
23424
23426
23422
23421
23426
23430
26374
23433
23431
23436
26383
23444
26393
26392
23455
23455
23460
26409
23472
26410
23475
26415
23480
23487
23490
23493
23499
26438
23499
23504
23504
26454
23513
26459
23518
23519
26467
23523
26483
23540
23542
26497
26499
23547
23552
23555
23548
23552
23557
26524
23556
23560
26532
23570
23574
23577
23585
26552
23591
23596
23606
26558
26562
26567
23609
26585
23625
23629
26603
26608
26607
23637
26612
23637
26614
23642
23647
23651
26627
23644
23650
23655
26647
23659
23663
23666
26661
23668
23669
23668
23673
23676
26687
23680
23685
23690
26699
23710
26717
23712
23721
23719
23723
23727
23730
23732
23737
23736
26762
23748
23752
23755
26774
23759
23764
26778
23760
26782
23763
26786
23755
26790
23757
26795
23753
23761
23766
23766
23769
26808
23776
26821
23785
23795
26846
23805
26852
23810
23810
23812
26871
26876
23820
23830
23833
26888
23838
26903
23857
26918
23874
23877
23872
23877
26947
26952
26956
23889
23891
26975
26980
23885
23890
26994
23898
23911
27026
23925
23933
27050
23946
23948
23955
23959
23959
27080
23950
27082
23954
27087
23957
23960
27106
23972
23976
23983
27117
23986
27119
23994
24004
24007
27141
24012
27156
24018
24023
24025
27164
24027
24032
24036
24043
27186
24049
24052
27191
24057
27196
24060
24066
27213
27218
24080
24082
24086
24091
27235
27239
27243
27251
24101
27255
24119
24124
27279
24129
24136
24141
27297
24145
24153
24157
24167
27325
24176
24181
27338
24180
24185
24193
24198
24198
27376
24200
27385
24207
27393
24214
27398
24214
24217
24225
24228
27411
24229
27415
27419
24236
24245
24252
27441
24257
27451
24261
27461
24260
24263
24266
24270
27472
24270
27470
24268
24269
27478
24272
27483
27493
24279
27500
24279
24284
24289
24290
24295
27513
24307
27521
27526
24320
27531
24323
27539
24334
27545
24334
27557
24345
27563
24348
24353
27578
24358
24358
27592
24371
24379
27607
27614
24394
27623
24397
27627
24405
24414
27651
27657
27667
24427
27675
24431
27678
24434
27677
27682
24441
24450
27694
24456
24459
27701
24465
24470
24475
27720
24483
27725
24486
24484
24489
27737
24504
27755
24506
27761
27765
24514
24521
24525
24526
24529
24534
24539
27802
24542
24549
24554
27819
24557
24560
27827
27830
27834
24573
27838
24586
24591
27853
24596
27863
24593
27867
24598
24603
24604
27888
27893
24611
27900
24620
27902
24633
24637
24644
27909
24647
27917
24651
27928
24661
24670
27943
24672
27949
24677
24682
27957
24698
24702
24705
24708
27993
24701
27996
24706
28024
24730
28029
24734
28034
24739
24742
28047
24747
24752
24756
28058
24758
28075
24776
28078
24781
24795
28095
24792
24790
28106
24787
24795
24794
24797
28129
24798
28141
28153
24820
24825
24826
24831
28163
24831
28167
24825
24825
28177
24833
24838
28191
28197
24846
24849
28216
24860
28225
24859
24863
24863
28239
24874
28237
24879
24883
28247
24887
28256
24898
24903
24918
28278
24922
28280
24926
24931
24935
24940
24945
24945
28310
28305
24956
28312
24961
24966
24966
24970
24973
24983
24988
28351
24995
28370
24996
28374
24999
25005
28392
25013
25017
25022
28412
25031
25034
25039
28422
25044
28431
25052
25058
25057
25062
25067
25069
28453
25070
28458
25070
25074
28473
25079
28478
25074
25075
28486
28487
25086
25090
25099
25096
25103
25107
25112
25117
28547
28551
28564
25147
28579
25152
25163
28604
25168
28606
25175
25184
25188
28627
25185
28634
25195
28656
28661
25199
28664
28669
28670
25205
28678
25209
25218
28692
25222
25228
28712
28717
28718
25237
28728
25242
28741
25254
25257
28756
25267
25271
28773
25275
25284
28784
25288
28786
25288
25287
28790
25292
25297
25302
25306
28806
28809
28812
25318
25316
25318
25324
28838
25337
25339
25343
28856
25346
25351
28870
25356
28870
25361
28881
25368
25372
28888
25382
25377
25385
28919
25402
28931
25404
25408
28946
25413
25422
28959
25420
25423
25428
25432
28972
25437
28974
25445
25452
25456
28990
25463
28998
28995
29000
25481
29008
25491
29013
29016
29020
25504
25509
29030
25514
29033
25518
25525
25526
29047
29048
25535
25538
25535
25538
29067
25542
25546
25551
29082
29086
25559
25563
25562
29100
25565
29103
25568
29113
25576
25581
29123
25593
29137
29140
25600
25605
25610
25615
25619
25621
25627
25632
25635
25640
25644
29199
25646
29209
25655
25658
25662
29229
25658
25655
25658
25663
29249
25669
29272
29289
29303
29311
29320
29331
29359
29363
29376
29392
29435
29442
29457
29468
29523
29528
29537
29546
29559
29568
29573
29581
29590
29600
29610
29613
29617
29627
29636
29643
29660
29670
29677
29681
29684
29709
29713
29719
29723
29720
29739
29742
29777
29782
29787
29790
29823
29841
29848
29866
29872
29891
29900
29912
29921
29924
29929
29939
29943
29948
29958
29969
29973
29976
29990
29997
30002
30012
30012
30013
30017
30027
30032
30059
30104
30100
30105
30110
30120
30128
30169
30172
30182
30187
30196
30205
30209
30214
30216
30232
30239
30252
30261
30267
30272
30274
30274
30282
30302
30312
30317
30317
30330
30333
30338
30366
30367
30368
30371
30404
30408
30417
30443
30455
30464
30482
30485
30510
30511
30511
30531
30544
30552
30561
30573
30578
30581
30588
30598
30601
30634
30639
30644
30661
30666
30676
30688
30709
30719
30747
30757
30762
30771
30776
30786
30795
30800
30805
30809
30841
30851
30853
30864
30877
30884
30889
30924
30929
30932
30940
30956
30961
30973
30975
30980
30989
30993
30998
31012
31031
31037
31039
31044
31047
31046
31058
31062
31075
31082
31086
31092
31117
31118
31132
31137
31140
31148
31157
31188
31196
31212
31219
31241
31247
31254
31258
31271
31275
31294
31299
31304
31330
31355
31393
31402
31417
31437
31455
31459
31486
31494
31503
31508
31529
31537
31553
31560
31581
31600
31615
31655
31692
31701
31718
31721
31733
31741
31746
31750
31762
31783
31789
31799
31798
31811
31828
31847
31852
31868
31882
31883
31909
31917
31944
31940
31949
31953
31958
31984
31998
31996
31999
32006
32014
32018
32026
32046
32070
32075
32107
32136
32160
32162
32162
32180
32185
32202
32207
32218
32223
32228
32246
32253
32258
32261
32264
32275
32278
32278
32283
32298
32303
32304
32306
32320
32325
32347
32359
32372
32399
32408
32412
32437
32436
32441
32442
32456
32481
32483
32484
32487
32492
32509
32519
32545
32554
32559
32582
32590
32593
32602
32612
32640
32665
32670
32687
32688
32701
32706
32729
32751
32771
32776
32806
32817
32849
32854
32864
32865
32870
32871
32876
32885
32894
32898
32920
32925
32935
32935
32940
32947
32951
32948
32957
32973
32973
32987
33008
33026
33043
33043
33058
33089
33103
33107
33119
33124
33129
33127
33138
33143
33147
33197
33212
33225
33251
33259
33292
33310
33318
33330
33332
33357
33369
33373
33388
33413
33425
33446
33456
33460
33472
33479
33489
33498
33517
33534
33536
33545
33549
33560
33572
33575
33597
33600
33615
33620
33625
33630
33635
33640
33646
33683
33686
33694
33704
33711
33715
33719
33744
33761
33764
33802
33807
33812
33816
33823
33834
33844
33848
33860
33872
33877
33890
33917
33925
33928
33935
33952
33965
33983
33992
33997
34024
34031
34035
34039
34070
34079
34084
34122
34123
34128
34140
34144
34155
34159
34169
34185
34182
34193
34194
34212
34222
34226
34228
34232
34247
34251
34266
34293
34299
34306
34332
34340
34350
34351
34371
34375
34393
34398
34396
34398
34408
34410
34414
34441
34465
34481
34485
34487
34487
34505
34519
34524
34528
34537
34553
34560
34570
34582
34588
34593
34600
34604
34609
34618
34622
34633
34657
34662
34675
34680
34693
34699
34698
34708
34718
34729
34755
34765
34787
34796
34810
34813
34823
34831
34839
34878
34882
34885
34890
34935
34954
34959
34983
35005
35025
35046
35061
35092
35097
35101
35113
35123
35143
35147
35165
35186
35198
35203
35208
35211
35218
35224
35226
35235
35255
35259
35294
35299
35318
35335
35352
35373
35378
35387
35392
35395
35404
35412
35421
35429
35438
35453
35457
35460
35471
35476
35484
35486
35491
35496
35518
35527
35534
35542
35552
35615
35635
35660
35673
35683
35695
35698
35735
35738
35741
35746
35769
35775
35784
35792
35794
35799
35809
35836
35846
35854
35867
35870
35875
35895
35930
35937
35947
35952
35964
35980
35987
35997
36024
36032
36031
36036
36052
36056
36060
36058
36071
36083
36087
36104
36109
36117
36122
36130
36152
36156
36165
36165
36237
36242
36246
36261
36265
36268
36273
36277
36295
36302
36307
36320
36331
36341
36345
36352
36357
36358
36372
36379
36386
36386
36421
36422
36427
36433
36438
36442
36452
36475
36483
36492
36507
36510
36519
36524
36532
36545
36550
36556
36566
36580
36584
36589
36603
36610
36615
36625
36629
36632
36642
36647
36670
36679
36681
36692
36697
36698
36702
36707
36727
36744
36749
36757
36762
36771
36786
36796
36816
36820
36860
36873
36878
36886
36893
36898
36905
36925
36959
37005
37005
37012
37044
37050
37060
37099
37117
37124
37141
37140
37161
37181
37197
37223
37232
37274
37282
37292
37302
37318
37331
37339
37344
37354
37371
37400
37407
37411
37413
37439
37453
37460
37465
37492
37496
37501
37505
37510
37524
37528
37543
37556
37583
37580
37583
37588
37595
37601
37609
37623
37628
37643
37658
37668
37685
37695
37704
37733
37736
37771
37779
37787
37795
37816
37829
37832
37842
37870
37886
37911
37926
37928
37929
37938
37955
37964
37969
37987
38000
38005
38020
38041
38054
38064
38106
38109
38129
38148
38161
38169
38180
38204
38210
38229
38245
38282
38288
38302
38322
38332
38336
38349
38409
38429
38434
38455
38490
38493
38506
38511
38543
38557
38566
38599
38608
140
138
161
165
190
206
213
221
244
251
224
238
269
244
271
248
295
254
277
311
281
334
362
327
332
350
384
387
356
361
375
386
427
398
395
395
408
412
479
436
444
457
516
534
477
481
495
572
577
506
591
516
520
541
626
543
703
720
640
655
745
663
770
772
777
685
791
694
800
699
822
847
857
874
873
754
878
775
777
907
924
789
804
963
971
841
845
990
994
1013
856
1037
1040
900
905
1068
910
1072
914
1091
922
1095
1122
939
1122
960
1168
974
975
1176
974
1195
1200
990
987
1001
1018
1015
1277
1280
1033
1022
1306
1034
1039
1349
1353
1074
1371
1373
1114
1394
1409
1414
1138
1417
1422
1435
1153
1438
1158
1443
1160
1463
1225
1512
1512
1530
1245
1557
1264
1269
1272
1276
1280
1626
1290
1312
1318
1332
1689
1706
1345
1710
1734
1748
1427
1812
1817
1466
1471
1875
1480
1495
1921
1517
1544
1972
1975
1540
1544
1991
1556
1996
2014
2019
2036
2041
2046
2051
2060
2064
1611
1612
1638
2106
1646
2123
1663
1685
2152
2166
2165
2168
1720
1725
2195
1770
1777
2257
1777
2262
2267
2282
1805
2290
1824
2309
1827
2359
1854
2364
1859
2365
1879
2388
2393
2405
1902
2415
2437
2441
1936
1945
1955
2504
1974
2531
2536
1989
1994
2007
2008
2585
2592
2597
2048
2049
2072
2072
2665
2099
2683
2113
2687
2151
2720
2735
2170
2745
2172
2189
2192
2196
2820
2215
2228
2848
2870
2874
2273
2276
2294
2293
2306
2304
2309
2949
2323
2323
2974
3011
3020
3024
3048
2399
3062
3067
3094
3109
3114
3126
3131
2460
3151
2466
2485
3184
3219
2533
3231
3239
2556
3249
3253
2571
3266
3270
2598
3293
3310
3331
3357
2676
3364
2685
2697
2689
3390
2694
3408
2749
2753
3472
2777
3495
3498
2810
2814
2813
2812
2832
2859
2864
3630
2871
3644
2876
2879
3648
3666
2883
2893
3675
2896
2908
3702
2900
2916
3775
3780
2994
3820
3825
3844
3868
3871
3071
3080
3890
3087
3092
3899
3919
3923
3103
3104
3942
3943
3118
3123
3141
3971
3163
3188
3188
3201
3224
3226
3234
4078
3247
4090
3252
3258
4100
4112
3273
3275
4113
3280
4117
4131
3291
3293
4137
3297
4140
4164
4168
3309
3314
3317
4193
4211
3324
4223
4262
3358
4272
4272
4286
4291
4296
3387
4315
4320
3420
4350
3425
3443
4370
3448
3460
4393
4398
4416
3485
3487
3526
4477
3531
4480
4495
3542
3547
3555
3570
3573
4550
3575
4555
4573
4578
4582
3608
4601
3624
4624
3668
3680
4680
3677
4688
3695
4703
4704
4727
4733
3749
3760
3762
4784
4811
3824
3828
4854
3853
3853
4882
4902
4905
4924
3894
4932
4955
3919
3935
3952
3957
5000
3957
5005
3960
3973
3978
5021
5025
3997
3984
3983
5048
5049
3990
5061
5070
5075
4002
4015
4026
5113
4025
5121
4050
4057
5151
4073
4073
4078
4090
4108
4117
5237
4135
4157
4158
4171
4186
4189
4190
5344
4208
5352
4205
4219
4221
4226
4243
4247
5407
4260
5430
5444
4269
4272
4275
4289
5484
5508
5513
4324
4328
4348
5565
5582
4376
5598
4393
5616
4431
4434
5649
5669
5674
4465
4472
5694
4475
5699
5717
5722
4505
5731
4523
4522
5753
4526
4534
5775
5780
5798
4555
5821
5830
4583
4591
4596
4606
5900
4621
4625
5913
5929
4644
5954
4665
5970
6005
6030
4741
4755
6058
4757
4757
6072
4762
6076
6099
4803
4807
6126
6144
4839
6153
6170
4885
6190
4890
6195
6212
4918
6220
4932
6242
4938
4942
6245
6267
4966
4981
4985
4993
5012
5024
5019
5032
6352
5036
5048
6372
5049
6382
6386
5060
5065
6403
5073
5089
6432
5090
5107
5122
6484
5140
6504
5136
6508
5132
6533
5162
5167
5173
6583
6585
6603
5211
6615
6631
5227
6656
5248
5247
6680
5264
6708
6713
5294
6715
6769
5347
5347
6816
6821
6841
6852
5381
5390
6865
5400
6867
6914
5467
5472
6939
6984
5515
7009
7019
5542
7039
5546
5552
5567
5594
7097
5598
7102
7107
7118
5626
5627
7133
5648
7149
7170
7193
5674
7212
7217
5688
7246
7265
5712
5708
5722
7302
7311
7329
5788
7383
5806
5811
5815
5825
7401
7430
5854
7458
5890
7474
7488
5925
7503
5933
7522
5928
7546
5951
7550
7566
5966
7571
7589
7598
7616
7620
6012
6016
7645
6029
7650
7660
6053
7680
7698
7724
6079
6104
7785
6103
6130
6148
6156
6154
7853
6172
6176
7860
7865
7877
7886
6203
6209
7928
6243
6258
6268
6273
7988
6282
6296
6300
8011
6309
6314
8036
8056
6324
6342
6340
8088
6346
6358
6363
8101
8106
8120
8125
8130
6380
8152
8172
6408
8201
8227
8232
6433
8237
8242
6431
6444
8268
6449
8292
6483
6482
8324
6496
6500
6492
6500
6501
8368
8371
8386
6521
8412
8439
8440
6584
8469
8469
6607
6622
8554
6670
8557
8562
6682
8582
6688
8602
8607
8631
8648
6770
8668
8673
6790
8698
8703
6799
8723
8732
6817
8736
6832
8752
8760
6838
8767
8772
8794
6877
8796
6877
6888
8825
8845
6907
6910
8850
6913
8870
6926
8895
6948
6952
8901
8916
8919
6977
8924
8949
8953
7003
8955
8970
8972
8974
7037
8999
7040
7042
9024
7075
7080
9051
9068
9070
9075
9078
7105
7124
9102
9107
9126
9130
9149
9154
7150
9173
7164
7158
7173
9194
9215
7193
9235
7208
7209
7207
7220
9285
7234
7239
7257
7259
7270
9361
9366
7292
7297
9368
9385
9387
7322
9390
7342
9410
9454
9465
9480
7415
9494
7435
9508
7439
9511
7443
9535
7461
9555
7497
9594
7512
9609
7515
9618
7539
7552
9687
7566
7570
9689
7583
9724
7580
7601
9742
7603
9759
7639
7644
7663
9813
9835
7675
7671
9854
9862
9881
7696
7711
9908
7722
9928
9937
7732
7745
7775
10008
7779
7781
10037
10057
10073
10092
10095
7859
7860
10098
7871
10137
10137
10140
10145
7906
10153
10161
7935
10185
7939
10190
7937
10201
10210
7952
7955
7973
10240
10257
7990
10259
10263
10273
10278
8043
8062
8068
10362
10382
10391
8080
8083
8087
8089
8102
10433
8104
10438
10452
10452
10454
8132
10473
10496
10501
8179
10526
10545
10549
8205
8210
8217
8232
10595
10609
8253
8290
8294
8290
8310
8313
10692
10717
8345
8348
8337
8336
8355
8358
10780
8381
8383
8393
8398
10804
10824
8408
10847
8426
8439
10869
8443
8433
10879
10894
8448
10899
10904
10906
10931
10946
8486
8488
10958
8507
8512
10977
10982
10997
10999
8527
8530
8540
11024
11028
11033
8546
11037
11052
8559
11066
11081
11094
8585
8603
11138
11159
8620
11162
8625
8638
11185
11195
8667
8666
8677
11237
8675
11264
8680
8672
11295
11304
11314
8693
11322
11325
11340
8699
11352
8722
11370
11373
8729
8743
8745
11420
11422
6623
11455
11466
6662
11469
6659
8789
6666
6681
8820
6683
11510
6700
6695
8840
11537
8852
11547
11552
8858
6725
11565
6736
6741
11567
6739
8872
11587
6742
11592
8885
8898
11617
6735
8905
8910
6731
8924
6745
6746
6746
11666
8954
8958
11669
6772
8962
6777
8966
6782
8970
11701
11706
11711
8990
6784
11728
6799
6808
6820
6829
9016
11764
6847
9036
6841
6839
11779
6843
9042
11802
6844
9056
6836
6852
11850
9099
9104
6895
6897
9122
6884
6880
9135
6898
6899
11936
9132
6913
9131
6891
9134
11959
11956
9132
6913
6913
6905
6910
11969
6906
6903
6894
6898
9175
11996
6910
11999
6910
9193
9195
6912
6914
12008
9193
12013
6917
9199
12020
6920
12025
6920
6925
9188
6930
9193
6931
6934
12047
6939
6942
6947
9220
6946
6950
12078
12088
9239
12095
12100
6971
9250
12105
9255
12110
6962
12118
9262
6965
6968
12127
12130
9266
6968
12134
9258
6976
9261
12147
6968
6971
12152
6972
9265
12163
12167
6969
9262
6974
12177
6974
9274
12186
12189
9280
12194
12206
6992
9285
9289
12215
12220
6987
12225
12228
12233
6985
9293
9297
6981
12242
6978
6977
12247
6983
6988
12254
12259
9322
6984
9330
6985
12267
12274
12279
7002
7007
12292
9362
7018
7026
7031
12311
9378
7027
9355
12318
7031
9359
7033
12329
7033
7038
7040
7045
12343
7049
12345
7050
7044
7046
7051
9377
7056
9381
7055
12379
9390
7065
9393
7050
7050
12388
9399
12390
9404
12399
9407
9405
7079
9410
7074
12423
12427
7078
7082
9420
12437
7076
9420
12441
12446
7086
7086
12455
7080
7089
7081
7083
7084
12491
7085
7089
7091
7093
7098
9467
7103
7108
9476
9486
9496
12519
9500
7107
12527
7109
9509
9510
7095
12543
9516
7102
9513
7107
9517
12556
7111
9524
12561
9522
12566
12576
9514
9515
7126
7130
9509
7140
9513
7149
7154
7151
12601
12603
7142
7136
12608
7141
7143
7144
12613
9542
7137
9546
12625
9551
7147
7150
7154
12633
12644
7163
7157
7153
12653
9571
7161
7161
7166
7154
9584
7149
7151
7154
12688
7156
12704
9602
12713
7163
7166
9616
9616
7164
9621
7168
12734
12737
9629
7145
9633
7141
9639
12749
9642
7137
7137
12760
7130
12765
7123
12773
7114
7113
12776
9649
9654
7129
7130
7123
12795
12802
12806
9665
9670
7121
12811
9675
7123
12820
7122
12820
7123
7125
7128
9688
7133
12840
7135
9700
7137
7134
7138
9711
12874
7140
12878
12877
12881
9726
12891
7158
7148
9732
12898
7131
7124
9735
7116
7121
7118
12926
9741
9749
9754
7151
7156
12956
7164
7160
7155
12971
9744
7158
12970
7158
9747
7160
9745
7165
12984
7168
9731
7161
7156
7161
7150
13011
9737
7153
9742
9745
9750
13028
7167
7172
7176
7181
7182
13046
7187
9769
13052
13057
7184
9774
7189
7189
7191
13081
9794
9803
7198
7203
7202
9812
9817
9820
7220
13128
7223
7223
9830
7217
7218
13140
9834
13148
9834
7202
7200
7205
13159
9842
13173
9854
7214
13178
13180
7211
9862
13188
13193
9862
7217
9870
9873
7216
9878
9879
7216
7218
7222
9879
7239
13237
9892
7249
9894
7244
13247
7244
9895
7249
13254
7254
7253
9891
13264
7247
9900
7246
13276
7251
9908
13284
13288
9922
7267
7269
7274
13298
13306
13311
7279
13314
7280
9938
7278
9944
13334
13339
9949
7282
9954
13344
13348
7290
7289
13351
7291
13356
7304
7308
7307
13374
7312
7314
7316
9984
9988
7305
9994
13415
7310
9996
13418
7311
13423
7313
9993
7320
7323
13441
7326
13446
7331
7336
10001
7339
13455
7339
7315
13465
7309
10005
7304
10009
7304
7301
7306
13484
10019
13494
13497
10028
10032
7318
13507
10033
7323
10037
7326
10042
7334
10047
7325
10050
7328
7329
7328
10049
7305
10052
7307
7302
7298
13556
7296
7295
7291
10071
13567
10061
13576
7296
10068
7297
13586
7290
10074
7289
7295
10055
13597
7298
10047
7286
10052
13608
7291
13613
7295
7288
13611
10058
13616
10061
13625
13628
7292
10070
10075
13638
13644
7300
10083
7305
7299
13648
7290
13651
13660
10100
7307
13674
10108
7309
7303
10115
13682
10125
10127
13701
7317
7321
10131
7321
13734
7336
10145
13744
7341
10151
7343
10156
7339
13751
7344
7349
10164
7339
7344
13772
7344
7348
7334
7339
7332
7340
7342
7346
10191
13801
10203
7370
10212
7372
7373
7367
13832
13836
7372
7377
13839
13844
7384
7387
7392
10240
7391
13857
7396
10237
7406
10240
10245
7405
13880
13883
7406
7403
13886
10253
7398
7403
13897
13902
10260
7395
13909
7395
7397
10255
10260
7392
13923
10259
10253
7405
7410
13940
7407
7410
7414
7416
13953
13968
13978
10302
7445
7442
13994
10311
13999
14002
14007
14013
10329
7441
10329
7442
7446
14027
10333
7448
7453
14040
10327
10336
7464
14049
10337
7465
7470
14058
10346
14071
7480
7484
7480
7483
7481
7475
14099
7478
7482
14108
7487
14113
7487
7489
14122
10386
14127
14132
7497
10395
7502
14134
14138
10401
14142
14145
7528
7526
7523
10405
14174
14179
7524
7529
10408
14187
14190
10424
10427
7533
14214
10434
14219
7539
10439
7544
7531
10440
7513
10441
7518
7509
14237
10440
7512
7517
10447
10444
7521
14248
7524
7529
14258
7532
7531
10445
10451
7541
10460
14278
7553
10459
10448
10451
14304
7570
7570
7573
7577
10467
7580
14325
14330
7589
10476
7592
14340
7593
14340
7594
7588
7576
14352
7577
10490
14356
7578
14362
14373
10499
14382
10502
14385
10512
7599
14393
10508
7600
7605
7607
7603
10510
7603
7605
7610
14417
7611
7615
7621
10532
14452
7603
10534
7605
7596
14465
14470
7578
14476
7579
14480
7583
10567
14489
7583
7587
7589
10575
7589
10582
7592
14506
14509
7604
7610
14519
10583
10588
10592
7606
14527
7607
7603
7608
7595
10597
10596
10599
14549
7598
10607
7613
10611
7616
14565
7618
14568
7612
7604
14576
7598
7553
7553
14583
7553
14587
7555
14589
14594
7561
7565
7565
10640
7574
14619
7580
14625
14631
7566
10616
10629
14651
10634
14656
14667
14672
14677
10640
7596
7599
14696
7604
7607
7596
10661
10662
7596
10667
7592
7586
10675
14733
7582
14738
7581
14743
10670
14744
10683
7600
10683
7596
7601
7611
10701
7620
14789
10697
7621
10700
7626
10707
7624
10711
10719
14821
7638
10715
7639
10724
7641
10728
7643
14836
7651
10737
14845
7652
14850
14855
7672
7677
14862
10746
14866
14868
7675
14875
14878
7671
14883
10748
7663
14892
10758
14902
10763
7663
14915
10762
7660
14918
10767
7663
7653
10776
7655
7660
7662
14945
7672
7665
10771
7670
14961
7675
14966
7674
10772
14969
7675
7677
10779
7697
7698
7700
7707
15005
7709
15007
7712
7713
7718
15029
10826
10825
15040
15043
7735
7735
7736
15049
7733
15054
10827
7730
10827
7733
7727
7731
10836
7741
15079
10838
7743
15082
15087
7743
10844
7740
15089
10839
7745
10842
7747
10847
7748
10854
7744
7731
15111
7736
15119
10870
10873
7748
7752
10877
10882
10885
7755
7760
7765
15165
7769
7773
7775
7775
10902
7778
7776
7775
10905
10910
10914
7768
7773
10919
15203
15208
7779
7773
15217
7774
15225
15228
10924
7757
15234
10938
15246
15255
7773
15259
10950
7770
10954
7769
7761
15268
7766
7771
10962
7753
7760
15292
10953
10958
7756
10952
15302
10955
7763
15312
10972
15331
7770
7774
7779
7779
10976
15353
10985
7783
15371
7798
7801
7801
7793
15382
7776
11020
7780
15394
11023
7779
7784
11028
11034
15422
7803
11047
7798
7791
7788
7789
11057
7792
11058
11063
7790
7783
15446
7787
15451
11053
11055
15456
15470
7798
15483
7803
7800
11076
7805
11078
11083
7810
15497
7812
11093
15502
7817
11097
11102
15510
7822
7827
7832
15520
11109
11113
15525
7835
15530
11118
7837
11123
15539
7835
7840
7844
11130
11134
15554
11138
15558
11138
7838
7840
7844
11147
7847
7838
15576
7829
15585
7828
7827
15588
15592
7831
11165
15596
7836
11170
7834
7830
11175
7832
11180
7833
15625
15630
7862
15642
11196
15647
15650
7855
7857
15660
11219
15669
7848
11223
15683
15691
11229
7860
15694
11234
7844
7844
7842
11239
11243
7841
15709
7845
7850
11252
7850
11259
15728
7854
15734
7863
7857
15741
7860
15749
15755
11292
15758
11297
15762
15777
11294
7852
11289
15780
7851
11294
15783
7855
7857
7861
7862
11303
11308
7857
15798
15802
7856
7860
7865
7867
15816
15816
7874
7878
15821
11329
7874
15834
11339
15833
11347
7864
7857
7859
15852
7859
7830
7831
7834
11373
11377
7836
7834
15877
7839
11384
7839
15897
7846
7850
11395
11405
11406
7869
15917
7869
15922
7870
7874
7874
7870
15943
7875
7866
11426
15952
7863
7864
11431
7868
15967
7864
11444
15974
15979
15984
15989
7874
7878
11454
7875
11454
7880
7885
11461
7885
11466
16017
7887
16021
7888
16026
7879
11477
7879
11481
16036
7883
7888
7889
16055
7888
7889
11499
7886
16067
7884
7888
16070
11518
16084
7886
11521
7890
16103
7882
7887
16139
7891
11556
16143
7899
11565
7903
16153
7906
7911
11577
16162
16167
7906
16176
7912
16177
7911
11582
16181
16185
7916
16188
11590
16193
11596
7920
7923
16205
7928
11599
16208
7928
11604
7933
11607
7927
16222
16233
11619
7933
16242
11616
7936
7936
11629
7945
11633
11638
7946
7949
7954
11648
16265
16279
11659
7971
16288
7969
7965
11676
16299
16304
16313
16315
16326
11696
16328
7972
11702
7974
16331
11701
16335
7974
7972
7976
16345
7981
16354
7985
7983
16360
7988
7980
16369
11708
16374
16379
8000
11722
16388
8003
8004
11726
16393
8003
11729
8005
11733
16400
7994
7995
11742
7997
16405
11751
7995
16413
8000
11756
16423
16432
8020
11777
8017
8016
8016
8013
8008
8012
8004
8008
8003
16483
11796
11797
11795
16502
16507
8013
11802
16511
16508
7988
11808
7992
16510
7995
7991
11822
8007
16521
8009
11828
8014
16525
8017
16531
11842
8021
8022
16536
11851
8016
8021
11864
8026
11866
8026
8030
16561
8030
11870
8035
16566
8038
8039
16579
11877
8041
11874
8029
16584
11877
16581
8023
16582
8028
16587
11890
8033
8030
11891
16592
8030
16602
8027
8019
8014
7994
11920
16637
16640
16646
8005
8007
11935
8009
8014
11936
16673
11938
8007
16676
8013
8011
11944
8015
11948
8020
8019
11953
16696
8022
11953
16694
16698
8025
11956
8026
8020
16711
8012
8014
8011
11975
8016
11976
8002
11979
7997
11984
7999
16738
7997
16743
8002
11990
8010
16752
8009
11997
16764
12005
16772
8026
8024
16777
8013
8016
8018
12017
7997
8000
16802
8005
12025
16811
8005
12035
8017
12039
16836
16841
8030
8025
12050
12037
12046
8036
16875
8021
8024
8021
8029
16889
8030
16896
8032
12068
8034
16910
12078
12087
8047
8049
12102
8048
12100
8054
16945
8048
12109
8044
8048
12127
16965
12130
16970
8069
16971
8073
16975
12141
8078
16984
12138
8065
12148
8070
8054
8057
8056
17012
8058
8062
17022
12150
8069
12151
17030
8060
8045
12158
8039
12165
17050
8032
17054
8037
8039
17059
8042
12179
8045
12180
17072
8047
8051
12190
8051
17085
8048
8045
8045
12196
17097
8050
17098
8045
17093
8048
8053
17103
17113
12213
17114
8068
12217
8059
17128
8063
17132
8070
17136
12229
8071
17140
17146
17149
8080
8076
8076
17159
12262
8073
12264
12266
8076
17177
12271
12263
8081
8084
12273
8087
8082
12285
12287
17216
12291
8089
17219
8090
8082
17234
8091
8088
17242
12323
8089
8093
12329
17257
17269
8114
8119
8122
17278
12334
12339
17282
8119
17292
17297
8123
12350
8125
8128
8132
17318
12347
8135
8139
12353
17329
12358
8143
17334
8144
12361
8119
12365
17344
12368
8124
8120
17352
17356
8123
12381
8127
17381
12390
8130
17383
8135
17388
8129
8124
12414
12419
17403
8120
8119
17412
8116
8120
12418
8122
8125
12421
17415
8130
8134
17423
12430
8137
8137
8138
8131
8127
12456
17443
8130
8135
8140
12460
17456
12463
8152
12473
12468
8152
8155
17485
8159
8163
12489
12494
8157
12500
17505
8158
8161
17513
8147
12510
8147
12515
8151
8148
8148
12526
8144
17532
12520
8149
8154
12527
12537
12539
17555
8170
8171
8175
8182
17571
12559
8162
8159
12572
17585
8157
12569
8161
17593
8164
12576
8164
17604
8167
8164
8165
8170
12592
17626
17632
12590
12594
8180
8178
17663
12607
8169
8171
8174
12613
8170
17675
8173
12622
8169
12626
17684
8162
17686
8161
17687
12630
8172
15238
8179
12626
17718
15257
17733
15256
15261
15265
12658
17741
8201
15265
8205
17746
15270
12666
8202
15273
17755
8205
8195
17759
15281
12676
15285
8201
12678
15290
8205
15293
15295
12680
15297
8202
12685
12692
12696
8211
8207
12700
12705
17783
8207
15314
15320
15324
15319
8231
17806
8225
8218
15337
8220
15340
8215
12709
15342
12710
15343
17831
8218
15348
8211
17836
15353
17844
17846
15370
17850
15373
15377
12732
15381
15383
12740
15379
12740
17867
15384
12724
15387
17889
15408
12738
15402
15407
15407
15412
15411
12739
15416
17921
12734
12736
15422
17931
17934
12743
12747
15443
15444
15440
12759
17952
17955
12763
15459
12771
17970
15464
12771
15465
17974
15468
15470
17984
15474
15479
17991
12785
15489
18004
15493
15491
15496
12804
15500
12801
15500
12809
18032
15510
15512
15512
15515
12816
15523
15528
12824
15542
12822
18079
15546
18080
12826
15546
18094
15564
12838
15569
18101
15573
12843
15578
18111
18115
18120
15590
15595
15593
18132
12870
12879
12883
12886
18156
18161
12894
15613
12896
18178
18191
12899
15630
12904
15635
15638
15639
18203
12921
12926
12929
15657
18222
12934
15661
15661
12930
15660
12935
18233
15675
18247
15679
12946
15682
12941
15686
12931
15675
12936
15678
12939
15679
18256
12945
18260
15688
18271
15693
12947
18280
12952
15702
18293
15698
18298
15697
15698
18310
12971
15700
18308
12976
15702
15702
12984
18314
15724
18322
15729
18326
15737
18344
18343
15759
15762
18348
13025
15767
15770
18355
15772
15776
13045
15780
15785
15789
13057
18386
15804
15804
13063
15809
13066
15811
15808
15815
18408
13077
13081
18413
15825
18418
15829
13093
15834
15839
13100
15839
13097
15844
13094
18442
15856
15861
15863
13108
15865
15869
13112
18465
15869
13115
18472
15874
15879
15884
15885
18491
18498
18503
15905
18508
15908
13146
15913
15918
18520
18530
15940
18536
13167
15954
18549
15959
15956
13176
18564
15976
15975
13182
18591
15986
15990
15988
13180
16002
13185
16001
13190
16006
13195
16007
16006
13205
16007
16011
16016
13208
18643
16030
13212
16035
13212
16040
16032
13222
16035
18666
16046
13246
13252
18680
16058
18684
16054
16058
16059
13252
16078
16082
16083
13269
16081
13269
18721
16091
18730
13279
16089
18739
16100
18756
13293
16103
16108
16113
18769
16109
18773
13313
18780
16120
18788
16121
16117
16116
16112
13334
18802
16132
16132
13331
16137
18807
16142
13336
16144
13339
18824
16152
13358
16157
16162
18834
13363
16163
13366
16168
13371
16172
16174
13373
16175
18861
13378
18864
18868
16196
13389
16201
18877
16208
18890
13390
18892
16221
18903
16231
16235
16234
13403
18912
13402
18916
16248
18929
16250
13412
18934
18949
13426
16267
18954
13430
16272
16276
16279
16278
16282
18976
16292
13454
16299
13459
16304
13464
16313
13470
16315
16319
16315
13475
16318
19010
19005
16330
19010
16334
16339
16344
16344
16349
19029
16348
19029
13486
16341
16346
13497
19042
13492
16359
13495
16359
19051
16364
19050
16365
19054
16368
16371
16375
13516
19066
16378
16376
16378
16382
19087
13556
16406
13555
13558
16418
16419
13573
19129
16437
16441
16445
16444
13599
13611
16463
19166
13615
16465
13617
16466
19175
13607
16484
16489
16485
16478
19212
16488
19218
16493
13622
19225
16503
19229
16502
19237
19240
13631
16518
19251
16519
13648
16523
13653
16525
16528
13660
19274
13668
19279
16552
16557
16562
16567
16572
19296
16561
16576
19322
16578
16583
19330
13683
16585
16584
16589
16593
16593
16591
19353
19363
13687
19368
19373
16607
19374
16608
13677
16611
16616
16616
16620
19395
13692
16639
13689
16638
16641
16645
19418
16649
13697
16664
13693
16673
19437
16678
16683
19446
19452
16687
16691
16695
16700
16692
19468
16695
19473
13736
16700
13737
13735
16708
19489
16716
16711
16715
13744
13747
19509
13758
19519
16736
19520
13763
16748
19533
16753
19538
16747
16743
13779
16756
16757
19560
13763
16771
16771
16775
16780
16785
19588
16790
16792
16802
13785
16802
16795
19611
13781
16799
13788
19626
16817
13801
16818
13806
16823
13814
13817
16833
13830
19659
16852
13837
19668
16860
19682
16862
19686
16870
19696
16877
13859
19706
13864
19709
13874
16890
16895
13876
16898
16897
16901
16898
13887
16902
13892
19739
13894
16914
13913
19766
16925
19769
16926
19773
16916
19778
13932
19788
16934
19793
16932
16936
19801
16939
13949
16944
16947
13957
13947
16961
16963
16964
16965
19834
13964
16966
13969
16968
16974
19848
19853
19856
16981
16975
13986
16979
19864
16984
19868
16985
19871
16984
16987
16991
13981
16994
13983
13982
13984
17009
17003
19894
13991
17012
17023
17028
17032
17037
19921
17040
17040
14009
17043
17040
17045
14017
17059
14018
19950
14022
17068
17069
14023
19967
19971
19967
14036
17087
14040
17089
14045
17078
14046
19983
14048
14042
17093
14047
17097
14047
17100
17100
14057
17100
20012
20016
17109
14067
17122
20034
20034
17131
17139
20047
17138
14089
17142
17147
14087
17148
17154
20060
14103
17165
17170
17175
20079
14108
17178
17173
14117
14116
17182
17183
20092
17191
14127
17193
17197
20107
14133
17209
20125
17224
20129
17228
20130
14156
17233
20136
20141
17239
20146
17242
14163
20148
17232
17235
20156
14167
17240
20160
20168
17248
20177
17244
17246
17250
20188
17252
20189
14175
17255
20188
17275
14181
17275
14185
17278
14188
20216
14203
14201
17292
17295
14209
20233
17300
14213
17305
14216
14225
17318
20261
17328
20271
17331
17324
14240
20280
17327
14243
17331
20289
20297
14248
20307
17357
17355
17360
17364
20320
14262
17369
20323
20328
20332
17384
14257
20344
17391
17389
14270
17394
14275
17398
17400
20366
20374
20377
14275
17414
17415
20387
17425
14277
17432
20400
17436
17437
20402
17439
20405
14288
17443
17444
17462
17466
17471
20446
17476
20449
17481
14331
17485
14332
20467
14332
17501
14335
17506
20469
17509
14345
17503
14347
17508
20483
14347
17513
20488
14368
17528
14372
20507
17528
17528
14372
17533
14375
20520
14383
20543
14369
17570
17575
20556
17578
17578
17583
14375
20571
14375
17595
20579
17595
14368
20584
17602
14377
17606
14381
17609
14384
20601
14387
20604
20607
17627
17627
14401
17627
20619
14397
14401
17641
14405
17644
20641
17662
14414
17659
17664
17664
20655
14424
17677
17682
20672
17681
14444
17686
20679
17691
14447
17697
20687
17699
20693
14448
17699
17704
20701
14446
17708
14451
17705
14455
17710
17709
20714
14460
20716
14441
14440
14441
20729
17726
17728
20739
14448
17733
17736
17732
14459
17750
20767
14472
14485
17764
17761
17768
14491
17773
20788
17776
20797
14504
14504
17785
14509
17783
20815
20825
14515
17802
14519
17802
20831
14523
17808
14525
17818
17823
17823
20860
14518
20865
17843
20871
17845
14523
20885
14527
17859
14532
17863
14531
20897
17863
20902
14539
17878
14536
20917
17886
17887
17876
14539
20935
17893
17897
20949
17899
20953
14555
17903
14559
20959
17923
20973
17926
14566
17929
17931
17931
14572
20990
17939
17948
17948
17952
17954
21021
21035
21040
17974
17979
21046
21051
17988
21069
18002
21086
18016
14658
18021
18026
18023
14668
21109
21117
14680
18040
21121
18045
14687
18049
18049
18052
21134
18057
21143
14699
18070
14699
18071
18071
18072
21153
18088
21163
18090
14701
18084
21171
18088
14709
14714
21194
18109
14729
21207
18111
14732
18115
18120
21221
18130
18133
18132
21234
18136
14744
18139
18142
18145
21255
18163
21259
21261
14750
14754
21266
21273
18183
14763
18186
14766
21287
18198
18202
21292
18204
18205
21297
18206
21302
18204
14786
21305
14783
21310
21315
21316
18225
18228
21320
14797
18233
21325
18233
21325
14790
18232
14793
21336
18253
18255
14805
21346
18258
21351
18260
21353
18264
18268
21365
18282
18283
21380
18287
14829
14833
14836
21392
18302
14840
21397
18310
21407
18313
14847
18314
21427
14858
18332
18334
14874
21449
21454
18347
21458
14869
14877
14883
18367
18363
18366
14892
18376
18378
18381
21505
18379
18391
14902
18390
14907
21523
18395
14907
21525
18401
18405
14916
14916
18417
21548
18415
21557
21561
21568
14921
18431
21572
21582
14931
18435
21585
18440
21590
18444
18447
18445
18446
14953
14956
18460
18453
21629
18463
21637
21642
18471
21645
14961
18479
14970
18487
18492
18477
18481
21668
14972
18488
18492
18492
18496
18497
14993
14999
14998
21710
18507
21715
15009
18524
15011
18529
15015
21734
18534
18528
21744
18526
18533
15030
18527
15034
18544
15056
18557
15064
18558
15073
15078
18574
21794
18573
18577
15090
18572
21804
21802
15104
15111
21811
18599
18608
21822
18607
15127
18612
18616
18620
18625
15140
21850
15140
18640
18644
21853
18640
21857
21859
15143
18655
15154
15159
18662
21875
18665
21880
15169
21885
18680
15178
18682
15183
18681
18686
18688
18703
21917
15205
18708
21921
18712
21925
15211
18717
18719
18713
15223
18713
18718
18736
15225
18743
18747
15219
18752
21972
18754
21976
18743
15224
15226
18752
21990
15227
15230
18758
21997
18763
22002
18765
22007
18770
15245
18774
15247
22013
15245
15247
18789
15247
18790
18795
15241
22035
22034
15251
15256
22039
22044
18812
22049
18813
15262
18809
18811
18811
15269
22059
18816
15266
22072
18836
18841
15273
18844
22088
18849
22093
18861
18866
18868
22114
18869
18870
18875
18877
18880
22137
15307
22141
18904
15315
18907
15318
22154
18904
15321
18904
18907
18910
22163
15332
18922
18925
18929
22189
22194
18935
18938
22217
15369
22225
18963
18965
18969
18964
22229
15375
15385
15390
22238
15393
18981
15398
18986
15401
18988
18989
15409
22260
22260
15421
22270
19009
19014
22278
19019
15427
19016
19021
22282
19026
19029
19033
15437
22295
19038
22301
15441
19045
22306
22309
22313
19058
15450
19058
19063
22324
19066
19069
15461
19074
22338
19083
19085
19087
22357
19092
15482
22362
15485
22380
15488
19120
19121
22386
22389
19131
19132
15505
19136
15508
22402
19135
19140
22411
19145
15521
19149
15531
22428
19172
19177
19176
22449
19179
15550
15551
19199
22452
15556
19200
15557
19203
19208
22463
22478
19229
19234
19234
19237
22499
15576
15577
19248
19252
19253
15577
19251
22523
19254
15583
19252
19257
22528
15597
19265
15601
15602
19283
15607
19288
22553
19291
19295
19294
22547
19307
19312
22562
19316
15634
19321
15621
22567
19321
15624
22578
15633
19338
19343
19346
15637
19351
19352
19357
22606
15647
19361
15646
19366
15640
15645
22629
15654
19388
22635
19392
19397
19394
22648
19399
22656
22658
19408
19413
19413
19417
22674
19421
15671
19423
19423
19423
19423
19428
19447
19443
19448
15709
22725
15713
22727
15711
19454
19457
15722
19458
19459
22748
19463
19467
19472
22756
22761
22766
15730
15735
19491
22771
19495
19498
19503
15759
22796
19504
19510
15758
22806
19514
19516
22812
19521
15764
15769
19510
19513
15773
19522
22838
15785
22843
19530
22851
19533
19538
15791
19541
19543
22870
19547
19552
15801
22879
15807
19569
19574
15820
19578
19581
22911
15831
15833
22926
15825
19607
22934
15825
19611
22937
15828
19615
22937
19620
15832
22948
19637
22951
19642
15856
19641
15859
19641
22970
19644
15869
19649
22986
19662
22988
19664
19667
19666
19671
19674
23013
23018
19694
23022
15898
23031
19712
19711
23037
19715
15913
23041
23054
15907
19731
15910
23064
15910
23074
19748
15911
19752
23083
23087
19752
19759
19762
23107
19759
19755
15938
19756
15943
19760
23120
19764
23124
15943
15947
15945
23136
19777
15949
19779
23140
19779
15950
19784
15948
19788
15951
23157
19807
15962
19804
15965
23170
15969
19820
15972
23179
19823
15963
23190
23195
19838
23204
15979
15977
23208
19844
23212
19841
19857
19864
15994
19864
15999
19869
19873
19879
19883
16011
19890
23256
16016
19889
23257
19893
23260
19896
19895
23268
19899
23270
16031
23275
19902
16034
23280
16038
19904
19901
23296
19914
23303
19914
16060
16060
23313
19921
23317
19925
19920
19922
19932
23343
16076
19934
23347
19938
23350
19938
19940
16076
16075
16075
16078
19959
19962
19963
16082
19968
19968
23397
23402
19978
16095
19987
19992
23412
19996
23416
16106
19999
16110
20003
23427
23432
20018
20023
20026
16137
23445
20031
16130
20036
16134
20034
16128
23459
20039
23461
20049
23469
16134
20053
20055
16142
23476
20059
20056
23485
16151
20051
16155
20056
23489
20052
16175
16189
23507
20083
20078
23516
20081
16194
23526
20092
16201
20097
16206
20101
20107
23547
20117
20122
23560
20127
20125
20128
16241
23576
20142
16251
20129
16255
20133
23593
16264
20153
16266
20156
20162
20167
20166
23632
20168
20172
23642
20171
20170
20169
20169
23661
20171
20183
20184
20187
23692
20201
23701
20199
23710
23715
23720
20215
20219
20219
20224
20228
23736
20233
23749
20251
20251
20268
20273
20277
20279
20281
20279
20285
20282
23780
20282
23781
23787
20295
20299
20293
23802
20311
20313
20317
20318
20318
23826
20318
23834
20339
20340
20342
20342
20346
23858
20370
23881
20378
20383
23885
20386
23888
20390
20390
23897
20395
20404
23905
20409
20413
23910
20415
23918
23926
20431
23930
20435
20438
23942
23946
23956
23965
20456
20461
20466
23983
20492
23984
23989
20496
24000
20495
20497
23994
20499
20512
20516
20515
24006
20519
20524
24015
24019
20540
20545
20550
20555
20560
24049
24051
20568
24056
20571
24061
20575
24066
20579
24069
20584
20585
24079
24096
20606
20606
24105
20606
24119
24124
20623
20620
20624
24127
20627
20640
20642
20645
24151
20647
20651
24161
24164
20665
24172
20672
20676
20681
24189
24195
20703
20706
20701
24207
20709
24216
24230
24237
24242
20734
20738
24257
20743
24255
20743
24257
20754
20763
24280
20762
20764
20764
20768
20787
24316
24321
20795
20806
24325
20800
20805
24332
20809
20812
20817
20820
24354
24354
24354
20824
24359
20826
20831
24368
20836
20841
20842
20844
24385
20846
20849
24397
20864
20869
20869
24411
20874
20888
20889
24429
20892
20896
20901
24439
20906
24448
20919
20919
24457
20923
24467
20939
20938
20941
24478
24476
24478
20952
20954
24487
20967
20970
20978
24524
20985
24533
20997
20989
20994
20994
24554
21012
21005
21010
21015
21017
21020
21032
24594
21037
21036
21040
24602
21044
21049
21054
24625
24624
21067
24629
21063
24631
21067
24636
21072
21084
24659
21081
21085
24670
21105
24680
24684
21117
21117
24690
21121
21126
21127
24697
24693
21137
21139
21140
24706
21144
24715
21154
21177
24728
21181
21179
24736
24736
21198
21201
21205
21209
21209
21212
24769
21217
21227
21230
24791
24788
21239
21231
21231
24803
24807
24815
21247
21252
21254
21258
21252
24835
24840
21262
24841
21267
21268
24850
21273
21275
21285
21286
21282
24876
21287
24881
21301
24897
21304
24902
21302
21307
21312
21316
24924
21338
24949
24954
21347
24962
21348
21353
24970
21358
21356
21359
21364
24983
21365
21370
21370
24997
21372
21367
25008
21372
25015
25019
25022
21391
21396
21400
21400
25038
21405
21410
25052
21427
21430
25071
21436
21441
21444
21449
25090
21448
25103
25107
25116
21474
21477
21482
25128
21486
21496
25135
21497
21501
21501
21500
21505
25153
21513
21517
21518
25168
25173
21533
21536
21531
25194
21536
21536
25204
25208
25209
21551
21555
25212
21559
21557
21560
21565
21569
21573
25245
21596
25253
21600
21605
25261
21607
25266
21611
25273
21608
21608
25283
21610
25288
21614
21613
25296
21631
25308
21634
21643
21646
21650
21650
25332
21660
21669
25348
21668
21672
21671
21676
25360
25368
21685
21687
21690
21690
25382
25387
25400
21707
21712
25423
21727
21730
25427
21734
21754
25432
21756
25440
25442
21776
25447
21781
21784
25463
21797
21797
25472
25477
25479
21816
21816
25498
21834
25506
25511
21832
25521
21834
21838
21843
25536
21848
21851
21856
25556
21863
21868
25570
21872
21878
21886
25605
21891
21895
21900
21905
21905
21910
21915
21918
21918
25643
21934
21937
21941
21940
25662
21944
21946
21960
25693
25696
21972
21974
25705
21977
25708
21992
21992
21996
25736
25741
22009
25754
25759
25760
25769
25774
22025
25777
22030
22035
22033
22033
25790
22034
22051
22055
22056
25820
22060
22063
25828
22068
22072
22077
25849
22088
22088
25865
25869
22104
22108
25890
22113
22116
22121
25897
22123
22132
25913
22142
25915
22141
22146
25922
22158
25936
25939
22172
25947
22177
22180
22179
22183
25962
22187
22183
25967
22196
22201
22206
25994
22203
22206
26001
22214
22215
22215
22217
22219
22221
26024
22235
22240
22242
26044
22246
26047
22250
26051
22254
26063
26068
22273
26082
22286
26087
22286
26091
22289
26096
22292
22297
22301
26119
26127
22320
22324
22329
22327
26135
22331
26139
26143
26146
26147
22348
22353
26160
26161
22370
22375
22370
26174
22373
26173
26178
26183
22391
26187
22392
26188
22394
26192
22391
26197
22396
22393
22388
22392
22410
26225
22408
26229
22411
26233
22430
22427
26251
26256
22444
26265
22447
22441
26270
22439
22464
26305
22468
22469
22473
26309
26313
22490
22500
26337
22510
22515
26344
22513
22511
22513
26361
22527
26371
22526
26376
22530
26376
22535
22539
22553
22558
22557
26417
22573
26421
22581
22583
26436
26440
22599
22598
22599
26468
22615
26477
22616
22617
26485
22617
22613
22611
26493
22615
26498
22619
26504
26508
22637
22642
26519
26523
26528
22651
22653
26554
22669
22674
22673
26573
22691
22700
26585
22702
22710
22714
22719
26608
26613
22728
26623
22727
26633
26636
26637
22743
22742
22742
22743
26654
22755
26670
22757
26673
22762
26678
22765
26683
26690
26693
22769
22770
26700
22773
26705
22770
22771
22769
22774
22774
26719
22779
26721
22784
26725
22788
26726
26730
26739
26749
22814
26764
22814
26783
22818
22823
26790
22826
22831
26791
22840
26798
22844
22848
22849
26820
22865
22870
22872
22877
26839
22875
22879
26840
22884
26845
26850
26855
22899
26860
26862
22911
22916
22915
22930
22933
26894
22936
22934
22957
26925
22972
26936
22982
26939
22982
22987
26948
22990
26952
22996
22997
26973
22998
23010
23014
26992
23019
23024
26997
23037
27022
27027
23045
23050
27032
23049
27037
23049
27043
27044
23069
27051
27069
27079
23102
27084
23105
23102
27093
27092
23108
27103
23118
23115
23118
23123
27119
23129
23133
27125
27130
23146
23151
27141
23155
23156
23159
27151
27156
23156
27161
23173
23173
27181
23166
23168
23170
23173
27197
23178
23182
27209
23186
27214
23191
23195
27227
27231
23210
27234
23214
23211
23217
27244
23217
27257
27262
23233
27269
23241
27277
23244
23249
23252
23253
27292
23261
27299
27304
23267
23266
27310
23268
27315
23272
23274
23276
23283
23285
27349
23290
23295
23298
23304
27369
27373
23310
27382
27386
27390
23325
23329
23333
23335
23338
23343
27419
23356
23358
23361
23361
27439
23364
27444
27449
23383
23383
23387
23388
23384
27466
23387
23390
23395
27477
27480
23417
23415
23420
23416
27524
23415
23432
23417
23413
23422
23427
27552
23431
27555
23434
23432
23437
23440
27568
27578
23456
27585
23456
27589
23461
23458
27592
27597
27599
23476
23481
23481
23488
27618
23485
27625
23494
23490
27632
23495
23495
23499
27643
23504
27653
23520
23519
27676
27688
23541
23543
27705
23548
23553
23556
27718
23549
23553
23553
23552
27729
23556
23561
23565
27737
23568
27750
23586
23587
23592
27761
23607
23600
27781
27783
27793
27797
23626
23620
27806
27809
27816
27821
23633
23638
27834
23643
23643
27844
23647
27848
23645
23651
23656
23660
27879
23664
23667
23659
27893
27897
23665
27901
23664
23674
27909
23677
23681
27919
23681
23681
27931
27936
23706
27953
23708
23712
23710
27973
23729
27987
23728
23731
23733
23738
23737
23739
23743
23746
23750
23755
23751
23754
23746
23748
28045
23744
28056
23762
28066
23767
23767
23770
28078
28080
28084
28087
23782
23786
23791
28107
28108
23801
28116
23811
28120
23811
23813
28128
23811
23816
28135
23839
23844
28153
28155
28160
23858
28177
23875
28179
28185
23878
23873
23878
28197
23880
28196
23882
23876
23881
28224
23894
28242
23912
28256
28261
23916
28273
28282
28291
23944
23947
23944
28299
23951
23960
23960
23951
23955
23953
28334
23956
28338
28343
28351
23973
28356
23977
23979
28363
23982
28366
23985
28371
28376
24000
28380
24008
28385
24003
24014
28395
24019
28400
24021
24023
24028
24037
24044
28429
28434
24050
24053
28443
24058
24061
28453
24062
28454
28457
28461
24076
28464
24077
24083
28469
24087
28479
28484
24097
28497
24105
24120
24125
24127
24132
28528
24136
28548
24154
24158
24163
28561
24172
24177
28581
24181
24186
24194
24199
28614
24199
28618
24201
24198
28628
28636
24215
24215
28638
24218
24216
24224
24230
24232
24236
24253
24253
24257
28693
24261
24264
28705
24267
24271
24271
24260
28723
24269
24268
28730
24270
24280
24280
24285
24286
28754
24286
28767
24303
24321
28786
24324
24335
24335
28806
28809
28817
24346
28821
24344
28834
28838
24359
28842
24359
28847
24359
24375
24377
28869
24388
28878
24395
24411
24415
28912
24433
28925
24432
28929
24435
24437
24441
28955
24457
24460
24461
28961
24466
24471
24484
28981
24487
24485
24490
29002
24500
29007
24497
29003
29008
24515
24517
29025
24521
29030
24522
24525
24530
24535
24538
29049
29054
24550
24548
24555
24556
29085
24569
29099
24577
29102
29106
24592
24597
24589
24589
29125
24594
29128
29133
24605
24607
24611
29148
29160
24629
24633
24635
24638
29175
29185
24657
24662
29198
24666
29203
24663
29214
24678
29216
24683
24699
29233
24693
29242
24701
24704
24702
29264
24702
29272
24716
29272
29282
24735
29286
24735
24738
24743
29291
24747
24748
24749
29312
24777
24782
24796
24778
24793
24791
29344
24786
24785
29354
29358
24798
29373
29392
24819
24816
24821
24822
24827
24827
29412
24816
29415
24816
24819
29425
29429
24839
29454
24847
29458
24850
24856
29477
24855
29482
24859
29485
24859
29491
29496
24875
24880
24879
29506
24883
29513
29518
24899
29525
24904
24909
24913
24917
24922
24926
24931
24936
24936
24952
24957
29564
24967
29576
24967
24971
24979
24984
24989
24986
29605
29615
24997
24995
29623
25011
29638
25014
29640
25018
29645
25023
25027
25030
25035
29653
25040
29658
25043
29671
25059
29676
25058
29680
25063
25065
25068
29690
25066
25066
25075
29716
25080
25075
29724
25076
25077
29726
29729
29733
29737
25096
25100
25097
29748
25099
29752
29757
29762
25108
25113
29781
25133
25138
29805
25153
29814
25164
25169
29830
25176
25185
25176
25189
29846
29851
29856
29860
29869
25196
29872
25195
29889
25206
29894
29899
25215
29902
25219
25223
29907
25219
25233
25238
29949
25255
25268
25263
25267
25271
25275
25279
25279
29998
25288
30005
25293
25298
30012
25303
30017
25307
30020
25304
30022
25317
25319
25320
30057
25338
25340
30064
25344
30069
25342
25347
25352
25352
30091
30093
25368
25369
25373
25368
25386
30121
30130
25403
30135
25405
25404
25404
30143
25408
30148
30152
25421
25424
30167
25429
25433
25438
25436
25453
30190
25457
30198
30208
30213
25479
25482
25492
25505
25510
25515
30246
25519
25521
25522
25526
25529
30269
25536
30282
25539
25538
30287
25542
25547
25550
25554
25553
30307
25556
30311
25559
30316
25577
30330
25582
25584
30338
30343
30348
30352
25601
30357
25606
25611
25616
25612
30374
25625
30384
25628
25633
25636
25640
25641
25642
30415
25656
25659
30422
25663
25649
25646
25649
30446
25664
30456
25665
30484
30489
30506
30548
30553
30553
30590
30600
30611
30636
30641
30646
30654
30662
30678
30683
30688
30707
30712
30714
30726
30743
30746
30769
30778
30782
30788
30801
30808
30812
30831
30840
30844
30863
30868
30881
30888
30891
30895
30921
30928
30948
30953
30984
30998
31003
31012
31019
31025
31030
31038
31064
31069
31077
31093
31107
31109
31134
31137
31162
31168
31177
31187
31210
31213
31218
31217
31222
31224
31237
31267
31276
31302
31309
31322
31377
31384
31388
31392
31396
31400
31405
31418
31431
31456
31462
31466
31481
31498
31518
31533
31557
31562
31566
31580
31590
31619
31626
31660
31690
31692
31697
31716
31727
31729
31746
31766
31769
31801
31801
31806
31823
31838
31840
31849
31853
31861
31865
31894
31912
31935
31948
31981
31990
31998
32003
32016
32025
32029
32051
32056
32066
32082
32085
32088
32093
32103
32115
32123
32131
32136
32141
32154
32155
32167
32173
32188
32202
32207
32219
32233
32237
32261
32267
32272
32285
32288
32287
32292
32309
32326
32330
32335
32342
32360
32366
32375
32412
32429
32437
32440
32444
32448
32453
32458
32477
32498
32503
32510
32507
32519
32532
32543
32553
32559
32567
32603
32606
32639
32644
32649
32657
32683
32685
32698
32705
32711
32739
32746
32763
32773
32777
32787
32801
32822
32826
32835
32849
32847
32857
32871
32888
32895
32905
32915
32922
32961
32980
32984
33002
33022
33032
33046
33063
33068
33088
33093
33096
33102
33157
33161
33169
33189
33214
33216
33237
33264
33266
33271
33274
33279
33280
33288
33297
33302
33322
33333
33348
33356
33366
33378
33394
33396
33405
33416
33419
33422
33453
33466
33480
33480
33491
33503
33529
33551
33556
33574
33582
33584
33605
33608
33605
33610
33618
33623
33626
33630
33635
33643
33652
33658
33677
33692
33696
33710
33713
33723
33733
33747
33750
33779
33819
33839
33859
33877
33894
33908
33921
33930
33941
33964
33973
33986
34007
34045
34052
34067
34083
34133
34138
34152
34161
34174
34183
34188
34191
34195
34200
34210
34223
34227
34232
34246
34253
34270
34280
34282
34291
34309
34319
34323
34329
34333
34340
34349
34357
34377
34382
34387
34400
34433
34441
34458
34466
34482
34501
34510
34522
34526
34539
34544
34549
34553
34563
34568
34579
34583
34586
34600
34607
34612
34617
34622
34623
34627
34632
34642
34669
34714
34710
34715
34720
34725
34733
34779
34787
34792
34797
34806
34810
34819
34824
34826
34842
34859
34862
34871
34877
34882
34884
34889
34892
34907
34922
34927
34927
34935
34943
34948
34971
34977
34978
34981
35014
35018
35027
35043
35060
35084
35092
35095
35115
35121
35126
35151
35154
35162
35166
35183
35188
35191
35203
35208
35221
35244
35249
35259
35266
35276
35281
35298
35324
35329
35357
35372
35377
35381
35386
35401
35405
35410
35415
35424
35451
35461
35463
35474
35487
35494
35504
35534
35539
35547
35550
35556
35566
35583
35585
35595
35599
35603
35608
35622
35636
35647
35649
35654
35657
35661
35668
35672
35685
35692
35696
35702
35727
35728
35742
35747
35750
35753
35762
35803
35811
35822
35829
35851
35857
35864
35868
35876
35900
35904
35909
35914
35935
35965
35998
36012
36027
36057
36065
36079
36091
36104
36113
36118
36139
36152
36163
36175
36191
36210
36225
36270
36302
36311
36328
36331
36343
36351
36356
36360
36367
36393
36404
36409
36413
36421
36438
36457
36462
36473
36492
36498
36519
36532
36554
36550
36559
36563
36573
36594
36603
36606
36609
36616
36624
36628
36636
36661
36685
36690
36702
36751
36770
36772
36772
36790
36795
36807
36812
36833
36838
36843
36856
36863
36868
36871
36874
36885
36883
36888
36893
36903
36908
36914
36916
36935
36940
36957
36969
36982
37009
37018
37022
37047
37046
37051
37052
37066
37086
37093
37094
37097
37102
37124
37129
37155
37169
37174
37197
37200
37203
37212
37222
37260
37280
37280
37297
37298
37306
37316
37339
37361
37381
37386
37411
37427
37454
37469
37474
37475
37480
37481
37491
37495
37504
37508
37515
37535
37545
37550
37555
37557
37561
37558
37567
37583
37588
37597
37623
37641
37653
37653
37668
37704
37708
37717
37729
37734
37739
37737
37748
37753
37757
37807
37817
37835
37856
37874
37902
37915
37923
37940
37942
37952
37979
37983
37998
38033
38035
38056
38066
38070
38082
38084
38089
38108
38127
38144
38146
38150
38159
38170
38182
38185
38197
38210
38215
38225
38230
38235
38250
38255
38256
38293
38296
38304
38314
38321
38325
38329
38354
38371
38374
38417
38417
38422
38426
38433
38444
38454
38458
38470
38477
38487
38500
38527
38535
38538
38555
38562
38575
38593
38602
38607
38634
38641
38645
38654
38680
38689
38694
38732
38733
38738
38750
38754
38765
38769
38774
38795
38792
38803
38804
38807
38827
38836
38838
38842
38852
38866
38876
38903
38909
38916
38932
38950
38960
38961
38981
38980
39003
39008
39006
39008
39018
39020
39024
39041
39070
39091
39095
39097
39102
39115
39129
39134
39138
39142
39168
39170
39190
39192
39198
39208
39210
39214
39219
39228
39232
39243
39262
39282
39285
39290
39293
39309
39308
39318
39328
39344
39370
39385
39397
39411
39420
39423
39433
39441
39449
39488
39492
39495
39500
39545
39569
39574
39593
39620
39640
39656
39671
39702
39707
39711
39733
39748
39753
39757
39775
39796
39803
39813
39818
39821
39828
39834
39836
39845
39865
39869
39884
39899
39928
39945
39962
39983
39988
39992
39997
40005
40014
40022
40026
40044
40048
40063
40067
40075
40081
40086
40094
40106
40111
40116
40128
40137
40149
40152
40162
40225
40240
40270
40283
40288
40305
40313
40345
40348
40351
40356
40379
40385
40389
40402
40409
40414
40419
40446
40451
40464
40477
40480
40505
40510
40540
40552
40562
40567
40574
40590
40597
40607
40639
40642
40641
40646
40662
40666
40670
40668
40676
40693
40702
40714
40719
40727
40732
40740
40762
40766
40770
40775
40847
40852
40856
40871
40875
40878
40883
40887
40905
40912
40917
40940
40941
40946
40955
40957
40962
40973
40977
40989
40996
40996
41031
41032
41037
41043
41048
41052
41062
41090
41093
41102
41112
41120
41129
41134
41137
41150
41160
41166
41171
41190
41199
41204
41208
41220
41225
41235
41239
41242
41247
41252
41275
41289
41291
41302
41307
41308
41312
41317
41337
41354
41359
41367
41372
41376
41391
41401
41426
41430
41470
41483
41488
41501
41503
41508
41525
41540
41564
41590
41620
41622
41644
41660
41675
41709
41727
41734
41751
41750
41771
41791
41807
41833
41847
41879
41892
41902
41907
41928
41941
41949
41959
41964
41986
42000
42017
42021
42023
42049
42063
42070
42075
42102
42106
42111
42115
42120
42129
42148
42158
42181
42193
42190
42193
42198
42205
42211
42219
42233
42238
42263
42268
42278
42300
42305
42314
42343
42346
42386
42389
42397
42405
42421
42439
42452
42457
42480
42491
42531
42536
42538
42544
42548
42570
42574
42579
42592
42610
42625
42630
42646
42674
42679
42716
42719
42739
42763
42766
42779
42785
42814
42820
42839
42865
42892
42898
42922
42932
42942
42951
42954
43009
43039
43044
43065
43100
43103
43116
43126
43158
43162
43171
43209
43218
